579 583 100 325 1385 1393 98 576 271 367 533 1452 189 2160 1632 2146 1075 646 539 187 2209 38 31
2213 1577 2237
1057 785 1245
1822 842 1853 1622
387 465 2246
297 296 618 1578
304 304 2113 683 2046 894 2112 1528 2119 1964 1602 1135 1116
108 2027 105 16 632 634 103 1887
1793 1946 1747
1998 1686 1470 1838
704 748 1901
229 715 928 934 1778 2182 2138
1642 2054 2050 845
1671 1789
1212 448 1324 1212
261 623 502
769 701 765
1071 821 668 2043 997 1202 1576 1623
1996 1880 1846 118
302 678 1335 1777
1349 889 848 1389 993 741 1413
1303 363 1267 129
43 128 540 490 492
637 400 250 1334 115 476 205
393 141
241 1411 55 241 492 906
1753 106 2145 512 134 1588 513 231
2182 1410 1795 2102 934 2182 1615 465 75 477 229 1835
62 634
1574 1846 995 2263 2274 1883 1308 1574 101
2257 2190 85 134
274 1949 1002 1850 477 1672 1011
1463 389 480 862
327 531 74
1582 1836
313 634 513 543
1948 1942 1948
913 411 1089 852 569
418 596 1572 538 2126 2013 601 1345 2164 539 543
2191 583 1452 1123 2181 1902 798 607 927 1910
2161 386 2126 543
1006 996 1264 882 2220
1622 1822 1853 119 21 620 537
1045 768 2220 2080 542 1044 838 272 955 801 1140 961 2162 1045
807 945
1789 1746 1596 515 2110 1671
1664 2128
1781 1837
1698 1872 2012
667 1088 63 1089 753 1220
333 13 134
122 153 171 308 288
1776 1302 2136 209 338 1840
163 164 357 9
2144 1118 1213 1878
452 266
1101 827
201 465 1170 476 70
2043 423 1071
1192 473 476 802
1234 454 1234 966 1018
379 13
1980 2002 325 1385 2187 1073 2173 1826 224 1288 367 174 75 413 426
906 1739 2159 725 1947 514 477 271 2005 241 906 832 938
2181 583 1546 1066 2179 363 1123 491 798 74 2191 2062 1565
1773 2203
1277 1105 513 879 1109
1816 1883
596 417 538 539 418 2013 1345 321
1964 2112 304 2113 2114
1291 1026 706 950
1517 2148 1364 115
1302 701 2080 1044 817 765 2164 2044 1620 908 238 221 1493 356 1776 1839 2136 1121 338
1341 1385 1122 1393 846 896 1439 849 848 367 1356 1752 993 1873 741 174 2209 1266 1377 1476 1436 1633 1725 1632
862 389 480 1042 844 1180 1231 740 1463
1678 2137 1785
2002 1118 363 1123 1977 1124 1288 364 367 1980 1128 1129 1130 1981 1132 375 996 1568 1073 857 882 1040 251 2173
1479 1694 854 926
2089 476 2093
1647 1968 1742 293
1028 684 944 1117
154 651 134 555 64
2 465 406 476 348
986 1385 921 949 897 761 257 867 1096 352
2028 1702
595 433
300 485 1295
990 797
350 581 465
331 486 277 284 158 331 1656
1713 1995 565 1742
968 1123 708 1020 1246 74 694 1306 827 217
478 236 1563 1315 465 250 1170 406 54 476 479 70 1969 550 19 431 1240 816 328
2166 2166 2024 1883 1752
630 1959 1735 631 1767 2240
2207 281 1515 1685
287 363
2064 1977 1981 1132 996
1607 2220
508 63 561
720 1471
682 250 1430 1221
1673 1824 1859 1862
991 988 1387
1702 2028
1932 1933
1241 565 780
1039 1288
1096 986
40 74
1930 1934 123
1090 134 1233
1050 481 1295
1297 480 1264
2196 143 1970 1398 2192
677 1255 266 1317
456 454 390 939 156
1219 873
516 468 517
1846 1155 1658 1905 1906 1060 1450 1996 101 995 1574 2192 1915 1775 1913 1491 1470 1872 847 1635
1232 1462 619 683
76 367
932 599 1362 27 513 624
1271 1474 879
118 1996 1635
2105 540 2005 942 2006
1668 1883 1635
584 1330 465 2239 476 1412
390 454 456 156
184 465 39 421
1061 485 481 1295
1074 199 837
1779 389 1723
570 60
98 75 2052 579
41 2075 1524 613 2259
1292 1379
1887 915 1763 1774 108
687 1158 687 689 902 1134 684 874
1372 930 1777 933
164 163 164 357 63 9
410 143
416 236 421 465 250 477 1451 636 550 1969 2032 1011 312 398 545
2231 1879
559 632
97 763 36 1828 117 1464 2045
889 1349 848 363 1413 1048
1352 1385 532 1633 1632 1725 908 1319 2255
520 413
1131 773 853 1416 664
14 130 339 275 197 1873 68 214 594 215
679 1354 1451 1240
1205 1205
1397 1012 964
1735 1806 1808 1809 1959 630 631 1767 2240
142 465 1240 467 471
1900 2241 1634 2077
697 1084 364 121 191
1418 1414 915
92 757 91 211 1089 427 258 4
2226 2226 2087
326 1810 25 1571 1040
1566 1570 1567 1811
352 376 1228 1225 986
45 2176 2158 367 192 413 2103 1558 119
1201 1201 115 921
1378 84 967 1171 1172
490 128 540 942 2006 492 489 186 42 43
739 481 50 1295 485
1099 1135 1116
464 487 415 2090 1879
730 485 2113 683
332 888 1084 364 193 121 375
1487 423 1520 1521 54 1447 505 626 1575 476
237 277 279 1623
2158 1136 1153 2158 395 367 537 45 2163 192
6 212 421
2017 2113 513 2254
1552 1654 477 471 2101
1740 1826 245 1353
2054 1909 1642 363 2050 2185
2230 2058 210 623 1788 1674
1946 342 1793 1146
355 1072 1111 627 1007 114
16 103 108 732 364 632 634 1652
1859 1858 1862 1859 2000 1824 1673
1354 679 626 476
1940 1656
37 634 485
190 519
1223 1170 476 70
772 870 364 134 2262 2007 2008 2072
1752 1123 2021 367 532 1553 1861 1393 1989 2024 2166 546 432 174 1341 1385
1424 948 607
943 64 1089 1185
236 416 478 465 250
1580 1580
38 75 2052 579
839 2220 1288 1044 59 1244
1838 1998 957 632
493 536 211 364
2228 1585 2098
978 973
1079 1827 1308 2087 1927 1922 1915 1256
618 1615 296 297 1683 1578 654
2085 539 2084
383 1251 1279
688 1298
321 538 596
251 191 375 251 750 1040 585 2002
450 571
2067 1718
2049 53 2091 360 668 1979
307 1860 634
2208 1689
1860 307 1926
199 1384 367 1073 1074 133
458 455
2259 1986 41
1825 1003 1011 1002 1949 1884 1850 1672 1854
1113 2072 901 513 561 2189
2029 1644
779 1204 1038 942 778
509 485 569 411
643 272 323 149
1088 667 821 736 63 668 13 64 211 1362 1089 1185 1873 753 685 1189 1220 428 796 1202
404 179 66
521 634
2146 2251 579
1214 1909 1370 568 1218 1016
2189 2165 2072 1113
1556 485 1295 1539 1550 707 893
1970 2192 1450 2196 1398 1510
167 598 181 166
2107 2050 1213
386 804 2161 543
1305 1210 123 1026 1777
1044 542 1010 768 2220 486 839 2080 1044 1302 1185 629 1045 838 278 955 801 713 908 1140 961 756
470 360 470
5 1837 421
1628 2201
219 7 372 228 13 927 0 638 219 459 865
1973 1972 602 2234 46 1973 1570 1567 506 1357 175 1787 1990 1531
1616 1741
1333 813
998 998 1147 939
1443 1421 1485
123 1030 2133 1934 1907 1930 1409 1305 1026
1314 385 780 115 1314
1478 1694 1516 926 1915 1053 1254 143 1311
1594 1364 1593 1594 1407 1681
884 511 1085 888
453 93 647 565
439 63 513
494 592 159 250 634 477
823 557 1362 1672 1560 753
146 206 367
1577 2213
678 1222 302 678 1335
756 134 1044
1144 1276 759
447 981 367 1235
1564 2045
1931 1881 2050 1440
1716 1729 1828 1882
776 1295 738
93 21 453 1751 565 537 747 1095 863 1958 1420 1558 395 1614 436 419 286 660 813 897
994 1003 1011 473 626
2260 2135 531
1750 550 1686
694 968 1020 692 693 1023
722 882 722 1873 2047
1447 1033 1521 57 3 1487 421 1578 1579
2032 1768 1697 2091 1170 312 1240 416 426
1357 930 933 1973
471 142 465 1170 1979 1552 715 30
1744 2052
267 896 1439 133 267 438 1365 1048 1476
1375 719 1128 882 1029
1469 685 24 1815 1165 901 134 2039 2040 2072 1598 171 2178
801 278 1044 1045
1332 1451 60 627 2239 1456 1385 784 715 1532
189 75 2052 579
724 1263 941 1755 1756
2190 2248 2257 2262
2113 304 1655 2114 2017 2046 730 894 2112 1528 1206 2119 1964 1602
552 1348 364
1808 1735 1806 2222 1809 1962
2214 2047 59 1264
1242 804 1362 1089 258 1150
1300 1078 1281 1282 1284 1203
322 63 523
751 1480 36 755
976 1342 1393 1353
1272 513 657
902 689 684 944 1117 687
232 444 770 1325
1777 1064 1372 302 933 1682 1305 604
1121 2080 817 1371 238 1493 1820 2056 356 2162 1302 221 209 338 1834 89
1338 1339 389 940
133 446 267 199 368
1216 591 728 992 1152 1200
2271 2211 744
60 554 1332 1451 784 63 570 2063 1405 1646
603 137
526 593
329 632 634 513
1285 1281 1107 1282 1284
309 496 310 311
1138 1137 876 1404
487 12 212 487 415 464 1127 938 1879
1599 2045
695 511 1181
264 561 63 634 2125
1092 1361 1369 565 1374 1933
859 1083
770 232 1325
2039 1159 1469 2007 561 1897
64 554 734 293 1968 1322 2140 2019 1088 1654 211 943 154 4 111 587
1619 1621 375 86 1632
1402 1334 367 134
2093 250 2089 2093
1535 1852 1535 1849 1514 1529 2150
1644 2029 1196 1644
1581 2099
1515 831 1685 1617 2207
532 1385 367 1633 1352 576 1752 340
867 986
633 254 13
2167 1830
773 1131 664
854 615 1247 794 1184 1479 854 926 616 1428 1104
1263 724 1755 939 941 1276
1102 1076 1985 1869
1723 1968 1738 1779
1437 1147 1432 939
496 309 310 311
925 1756 1826 1123 1342
1950 2188 364 1749
175 1922 2273 1635 1973
514 1309 492 906 1160 1141 530 876 2169 2149
972 1265
1299 1049 1173 1301 481 485 1299 1295 1047
1578 1508 1693 1520 1521 550 34 1579 465 250 296 473 476 477 589 1369 412 564 654 618 297 1578 1704 315 1447
857 996 1118 1123 1124 367 1130 1873 2002 2173
2111 1639
491 2006 2181 220 693 1276 1533
285 412 476 477 398
1624 1939 280
1466 1482 1178
503 634
2134 1926
1350 582 1392 1348
2185 1909 2051 1805 2054
1181 1181 879 901 2276 695
1591 462 2052 2239 2053 576
441 388
2168 53 2139
2272 1197 1867
1208 700 1417 1029 1873 1075 1041
341 342 574
785 1057 680
1288 1039 2002 1070 1429 800 839 909 1376 1244 1288 928 1128 1980
1551 2249 214 420 1920 1553
177 481 485 144
1550 481 485 1539 707 893 1556
2037 2246
1225 949 1227 1228 352 568
1307 1267 781 1260 486 662 280
891 1656 524 284
2001 1771 1634 2172 2077 2120
1004 938 1388 498
2177 2030
1171 1378
1771 1634 1832 2001
758 1430 1336 1337 513
775 684 944
210 73 2230
832 271 725 906
1104 1076 919 1635 1486 1346 923 1104 854 616
569 509 852 913 885
1837 1781 2133 1495 5 443
397 364
1916 1916 2147 2057
2055 1500
562 438
1788 2230 623
102 1560 619 1850 57 499 1683 1704
1759 1540 1518
879 1181 983 1360 1277 1105 1271
1679 1562 2122
29 1360 211 1454
1863 243 1680
2209 1737 217 1981 1341 367 579 1393
1070 1288 1278 1128
648 75
359 1445
567 364 567
2242 449 1557
262 1237 8 1733
2264 550 1691 1875
964 1119 1397 963 768
607 1572 928 513 2191 512 2164 948 1424 607 634 74
1155 989 1846 995 2192
1377 1341
715 550 2229 465 1332 412 75 575 2052 2239 476 477 471 1778 229 2143 479 484
1213 1909 1769 2205 2144 1111 1389 1370 2107 2048 1888
1304 1112 476 745
1769 1213 2198
623 2137 73 2230 261 181 166 623 1788 1674
105 2027 105 632 634 103 108
741 1341 848 1349 1413
733 1406 1412
1920 1422 1811 967 513 1551 790 1864 820
2258 66 1588
1813 1823
2052 1591 98 189 715 646 38 1744 1728
663 1123 969 1548
640 380 347
2133 123 1837
1493 2162 356 1121 1302 2056 338 1833
2145 134 513 1753 1588
952 1411 681 1366 1137 2275 937 952
2173 1851 857 2002 1980
143 2196 1184 410 1501 1478
324 1525 2225 324 787 1864 820 1635 1253 1254 1060
1782 1707 1708
117 635 116 1464 353 1467 97
1484 1484 989 1444 1635
771 984 1093
378 1977 340 1632 1129 2081
1654 1552 2082 360 64
156 454 390 456
914 1264 480
955 984 1044 1045
1273 1083
1244 839 1288 882 59 1191 1195 1154
1327 1326 760 70
299 364 634
1188 816
1811 1915 1060 1525 1566 1775 1635 787 995 1398 1920 1866 2192 1913 1811 2012 1872 1648
1249 718 719
2201 2212 22 612 1628
17 63
600 59 480 718 375
1355 1853 1264 392 480 565 750 1180 463 358
2147 1916
2151 1706 235 292
2041 1634 2009 2120
760 1327 1275
1845 650 534 1344
367 2002 1340 1384 100 2158 45 325 1385 1393 750 1130 532 146 199 76 2187 1402 888 576 2103 579 1752 1452 150 461 217 1341 533 2160 1632 1085 857 1737 1873 977 174 1124 119 1981 447 1015 1665 546 187 1073 2081 2209 1533 1980 1633 1725 1814
442 435 389 480
1165 476 1469 1159
817 1839 1121 1302 1371
1958 93 1935
362 72 476
428 1088 211 1089
868 989
2063 60 784 476 1799
356 221 1493 338 1121 209 1302
669 1014 1197
924 1384 1123
893 1550 481 485 1556 707 1539
252 684 1117 377
1147 681 767 1449 1246 266 911 1103 998 1147 1432 1437 939 833 835 871
2193 1197 1883
96 634
1153 2158 1992 468 842 863 916 1156 395 537 463 565 1250 119 1136 666
1593 1594 1681 1407 1364 2253
1270 1182 762 721 1373
1722 473 1563 1726
1705 1828 1464
1221 250 682 476
88 103 634 655
1410 1766 1439 1632 2182 2203
1990 1973
357 163 357 164 9
2256 645 83 2174
281 634 2207
1981 2002 996 367 174 1130 1385 2209 2064
746 1423 589 1756 413 1018
1543 1936 1542
1047 481 1049 1299
2139 2168
1434 936
1093 1093 771
1525 2192 2263 324 995 716 2274 1811 1866 2012 1635
1412 1441 1033 733 1406 1330 584 1021 126
1010 1044 278
1162 115 921 2266
962 1411 1366 1148 1309 26 242
233 317
1544 1929 2171
1670 1553 2024 432 2021 1734
1919 63 2045 293
2042 2124 1817 1983
1329 1309 1312
399 1797 402 483 234 1558 238 399
896 928 267 1341 993
310 496 1794 309
3 1520 421 1521 168 550 1873 398 2108 1240 757 2101 1447 505
685 1088 1469
2004 2197 217 363
1036 723 1037 2192 1035 1274 989 805 1699 1635
4 145 736 364 91 92 427 64 211 280
1711 1712 364 2127
790 513 1422 1920 1864 820 1635
254 1562 633 1772 1792 500
75 212 648 98 189 715 575 2182 174 646 38 1980 316
599 932 13 211
1198 967 1635
1451 1332 1368 60 412 627 416 2239 1456 1425 784 679
1830 245 2167
754 754 1058
938 498 675 487 1309 1004 906
463 1992 392 1153 497 244 1355 1558 389 436 419 537 565
2123 1692 1997 1464 353
1488 2075
1260 780 1307
2122 445 389 2084 1679 1873 2206 275 480
1764 1546
1506 1511
554 60 63 64 750 1001
1115 1084 364 121 191
25 272 366 363 326
1404 1148 507 1138 2275 937 455
1855 2026
320 709 1347
1614 2051 93 436
1821 2034
271 381 579 2051 1953 1756 906 363 1407 832 985
820 816 2192 716 324 1864 1920 790 1635
2203 1766 1410 1773
1885 217 2047 1376 272
415 487 212 12 464
1007 1385 982 1095 445 355 726
288 308 122 65
2096 1962 1806
206 146
159 250 477 634 494
2141 2129
56 617
1051 1019
2263 1525 1573 1880 1574
1694 1184 1127 1470 1478 616 1479 2076 222 1422 1869
1460 1127
692 693 694 1160 1020 941
1206 830 2113 614
750 1118 2179 2160 548 375 367 554 1355 1851 1356 533 1364 1040 191 251 2238 1455 1042 413 641 2253 827 1306
1626 1538 1945
1809 1618 1735 1808 1962
1518 1759 1540
1603 1060 1512 1450
1178 565 1995 1466
2183 1955
275 1407 813 14 996 864 2122
434 63 113
1159 1165 2007 2008 1897 561 2039 2040 2125 2072 2165
1000 684 944 1117
638 372 219 13 459
242 1411 962 194 26
957 957 1194 1838
666 671 1153 842 666 1156
759 1144 1308 1015 192
2057 1916
200 282 1635
2268 1971 2109 1504
34 465 1170 626 1578 473 484 1011 70 1672
1765 1553
1170 471 1315 1223 550 478 201 2032 19 34 476 484 2101 745 816 70
864 1180 47 1118 275 1129
104 466
1072 389 1111 480 355 740 1063 2206
1853 1355 1385 1822 2219 497 1622 1719 1494 286 1569 1152
492 1080 2006 942 2005 1309 2026 1141 323 1276 1310 514 55 1160 540 490 241 2169 1022 2149 43
208 1064 1508 1911 474 1509 826 33 2066 400 250 1261 766 933 476 429 1690
709 363 1069 320 1364
2103 1558 2103 367 45 115
289 289 292 230 424 1323 1371
1766 2197 2203 1410
2120 2041 2172 2077 1634 2241 2001
2006 491 492 1309 2105 942 2026 1276 490
2044 1841 1302
110 395 537 565
899 900 2080 908
1477 1168 626 476
1528 304 2113 2254
182 578 634
155 403 422
1978 1805 568
671 666 842 1420
842 1136 1385 671 1153 1822 1250 2099 1157 666 842 565
2036 1547 1749
2125 63 264 1159 2008 1897
1584 432
1538 1707 1631 292 1708 1626 1724
2083 192
1839 817 1302 221 2136 1840
1067 1485
557 296 823
1878 1909 1805 1937 2144 1062
1994 2132
1635 727 1775 246 919 1470 1811 2012 1872 1060 1197 1883 1583 200 1525 716 1409 1573 1531 1536 1827 2211 1484 1036 2225 175 324 1635 1104 989 2033 787 1846 118 1198 995 101 2087 1668 790 820
1376 1885 800 1027 368 1288
198 634
639 1388
1473 645 1386 1472
670 1287 670
1801 1585 1586 1595
1021 626 476 1412
1832 1771 2241 1634
272 25 1873 1075 1345 643 363 480 1885 1045 1062
1833 1493 2056
335 161 162 1922
982 1007 445
950 856 615 1087 1298 890 1127 1331 956 950 1291 1363 676 1486 1346
1199 744 1012 1870
1683 1560 1683 296 618 240 102 1704
1709 1709
1037 1036 2192 989
265 465 344
2275 952 1497 876 1404
2153 2020 2051 436
1075 272 480 700 1208 579
1565 2181
576 367 532 1591 579
1841 2044
742 1252 860
1059 1407 2253 744
1553 1752 1670 1553 1765 432 2021 1549 1734 589 1152 1124 480 797 1551
886 528 1152 1106 1264 531
689 1158 684 944 1117 902 687 874
617 402 1706 1663 292 1797 56
808 1100
465 142 462 253 471 319 522 387 407 2 416 1575 626 259 636 550 1850 478 48 236 1969 715 401 400 250 476 477 2097 201 72 1697 138 2182 315 391 34 382 408 176 1873 51 1011 312 581 1578 541 184 473 265 1240 611 547 467 350 1672 564 79 584 484 534 505 260
1886 2019 560 1646
813 275 1949 866 806 582 48 2080 1118 47 1333 719 1186 718 93 260
440 345 349
1995 1742 565 468 1713 1991 469 844 1178
303 1058
789 363
614 894 1206 485
1393 583 2197 217 1123 1548 928 367 1342 533 798 579 192 413 74 1341 1393 1752 1452 1873 1345 1483 2209 976 1353
468 1991 516 1153 517 1995 565 1742 469
1982 2276
1691 2236 550 2264 2034 364 476
1657 375 1951
1430 1145 758 1336 682 762 589 250
528 531 886 996 1106 1334 1073 1436
961 645 1140 1044 1045 137
2237 675 2213 1453
555 154
1588 2258 1753 106 2145
1142 1025
1345 417 596 855 538 272 928 927 2220 418 2013 1200 1345 1393 539
211 599 29 145 27 2080 493 1088 91 92 624 486 364 64 258 428 427 536 4 587
971 1324 1328
408 465 1240
1688 1450
2136 1839 1620 1302 221 1776
2254 2017 513 1528 103
1024 1098 1470
1373 1270
2211 1960 1013 1422 1927 1922 2271 1635
429 1508 208 474
2132 1994
1917 1904 2270
1085 888 981 1084 364 367 193 884
1111 1072 355 1213 1389 1063
1772 254 1562 2124
1767 1735 631 630
767 1147 150
107 80 1874
1109 1277 1105
1220 753 1088 667 1362 1185
918 1185
1296 996 1264 1041 59
1415 1177
414 8
1897 1159 2121 561 2039 2040 2125 2072
1431 766 1344 811 812
1425 1451 627
2205 1077 1213 192
1502 2038
922 1063 1065
856 950 956 953
1328 1324 971
19 250 1170 375 478
2059 79
1124 2002 1909 1977 857 1435 367 1128 1130 634 1132 1129 878 1700 895 2081 1553
1780 240 1704
344 888 1988 193 344 364 1951 265
684 1158 1382 944 689 1000 902 1034 687 1403 252 1028 775 874
1609 2069 2070
2060 1606 345
1871 1537
469 1991 517 1995 468
375 2002 67 251 750 1657 86 217 191 121 1619 81 518 608 19 585 511 332 600
799 1082 1229 1083
2030 2177
239 725 396
244 537 463 497
467 142 1575 382 250 465 476 2143 1590 260
1807 2073
883 1053
305 591 129
2015 1721
1785 1678 2137
728 1118 1216 1435 1040
1156 1136 21 1992 1153 2092 2234 537 565 1157 666
150 1676 767 367 1861 748 1268
139 445 627
835 1147
409 591
963 1617 768 1119 964
1337 758 910
188 1554 1370 501
243 1680 151 1863
89 209 1121 2056
1757 1755 1756 1761
575 715 75 575 2053 1532
485 509 1462 852 1049 730 619 37 177 1645 249 1550 893 1556 707 300 2156 1652 1061 1173 1301 1009 1299 1539 739 50 614 481
1323 289 1371
1929 1544 2175
234 483 399 1797 402 292 1558
277 53 277 279 280 284 331 158 237
876 1137 1160 1138 2275 514 937
1452 367 579 1393 2191
1149 1215 560
983 879 983
661 1367 953
1158 684 687 689 874
945 807
1870 2025 744 1199
2035 1732 1407 412 2148 1600 147 2250
1708 1782 1631 1707 1708 1538
1040 750 728 326 251 1427 2002
1959 1735 2240 630 631
124 364 634 15
1076 364 1102 1104
787 727 1146 1398 2192 716 1811 2012 792 847 324 1635
538 417 596 539 418 2013 543 1345 321
2265 1496
992 480 21 1216 1264
59 1296 1446 839 996 600 392 1264 1784 480 882 2214 1041 358 1215 1244 216 1700
729 1548 2047 729 1999 665 969 1289
347 1743 1361 1374 797 1369 364 1097 640 2178
2127 1712 1711
744 1199 1870 2073 691 935 95 2047 63 1012 1059 2271 482
1491 2225 1846
1992 1153 395 1156 1157 537 463 565 1250 1457 1903
1934 1930 123
1255 677
330 249
1951 1513 344 1657
727 1658 1635 787 995 1896
1511 1506
1532 1332 1590 575
841 827 1483
1587 2045
762 1430 1270
920 989
900 2080 908 899
1848 1610
1676 150 1913 101
712 1005
812 1431 954 761 766 811 946 1261
388 441
956 856 950
1251 383 1082 586 1251 1083 1279
12 487 415
1490 1743
230 235 424 483 289 402 292
1712 1711 2127
343 86
1775 1060 1635 1846 1915 1811
2027 103 105 1640 108
144 177 481
451 36 659
1942 1948
1962 1808 2096 191 1809
1700 996 1977 1124 480 2081 59
1428 854 1026
371 2090 1132 501
583 2179 2181 579 74 1393 2191 583 381 2076 1123 1902 927
1548 1393 729 1999 665 663 969 1289
94 296
550 551 1686 465 250 1170 2264 1240 626 757 2236 1691 421 1441 636 1750 416 715 2239 315 54 473 476 477 2097 745 484 138 2101 70 1315 3 406 829 534 1578 478 213 656 545 126
1417 1106 1364 1208 1243
811 1431 954 812 1261 761 766
1539 1550 1556 485 893 1539
898 1133 134
636 168 465 1240 416 2101 550
1636 1652 258
1246 968 1147 1246
209 356 338 1776 1121 89
1064 930 208 1777 933
121 375 697 193 191 1115 1084 1257 332 1321
1844 534
365 370 157 502 369 256
1504 2109 2268
1462 485 1232
1861 1489 1752 150
1321 1084 364 121 191
539 417 596 538 590 1345 418 2013 543 2085 579
374 13
2244 161 602 1786
912 860
1367 953 1343 661
2273 175 2033
462 465 1590 1591 476 70
909 1288
721 1270
213 63 473 550 250 51 581
1927 1422 2211 1079 1922 1908 1915
1561 2216 582
1572 1632 418 2013 607 2126 543
85 2257 2262 928 283
1319 1633 1352 908
83 1541 645 2174 83 2256 1380 1386 1472 1058 2186
766 1431 954 812 1344 761 476 686 946 1110 650 826 1261 811 1358 825 1056 208 933 1359 31
432 1584 430 2024 1752 1553 425 556 2021 1549 1670 1734 147
995 1155 727 1896 120 101 1846 995 1574 1525 716 1811 1866 1635
68 14
1646 1886 60 1650 1796
1486 950 1104
498 938 1388 1004
937 681 952 540 1137 455 876 1404
1276 2026 492 2006 975 1144 2070 1276 1309 491 1831 878 1263 895 2149
2025 1870 2025
1058 754 303 83
871 1147
1879 568 2231 487 464
1718 2067
611 465
887 2073 1019
2014 580 1374
726 1007
1019 1051 887 1295
870 486 772 134 1005
174 1130 1752 367 1341 75 1981 1073 1980
1267 1303 1307
1014 1318 669
1371 1323 289 817 1121
50 737 1461 739 481 50 485 1295
2078 466
545 407 1330 550 416 844
686 766 954 1056
2236 1691 550
1311 1422 1293 173 1478 2118
1516 1852 1478 1534 1512 1798
613 41 36
1315 1315 1170 1240 934 476 1226 478 550 875 714
95 634 482 744 525
1140 645 1044 1045 961
1874 1893 1894 107 1956
1087 950
10 525
2251 2146 1030 2251
22 634 2201 944
1728 74 134 2052
282 200
421 39 423 3 626 421 416 2101 6 550 178 1873 184 5 622 1447
604 706 1098 1026 1777
1164 763 755 298
734 1166 64
1348 1348 1350 364 552
831 49 1515 680
1573 2263 1915 2274 246 818 1635
560 2171 1886 218 1650 1149
141 941 393
1724 292 402 1538
1084 697 888 193 1085 1115 364 121 332 1321
1238 480 700 1243 1041
221 2162 356 1302 1839 2136 1121
628 634 580
1401 1458 1022
224 1980
768 1044 1045 963 964
2179 583 750 86 1812 2181 1953 1209 985 2149
1474 901 1313 1271 1286 561
592 250 477 634 494
103 2027 105 16 632 88 1640 655 108 2254 634 103
1617 963 170 49 349 1606 1515
1971 2268
1210 1537 1026 1305
369 370 157 502 140 369 365 256
340 486 2081 532 378
1739 1947 725 906
1867 1686 2272 1536
426 2032 413 1980
1069 709 1422 1100 1347
665 1123 969 729 1548 1289
753 821 1220 1088 823 667 668 1362 1089 1185
505 3 465 1487 513 476
791 1046 791
525 593 95 10 482
1318 1014 477
1132 2002 1435 927 1977 486 996 371 1632 1342 1124 1129 2081 2064 1128 2255
1173 481 485 1299
1306 827 968 750
1984 1684 1364 1100 337
1648 1811 1872
540 1629 2105 1160 128 492 937 490 186 42 43
786 212 1283 731
1600 1499 2035 1600
1707 1782 1538 1899 1708
2087 1035 1079 2226 1635
662 1307
1334 531 1402 637 1106 528 1152
1034 1382 684
1634 1426 2041 2104 1771 2241 1634 1900 1832 2001 2009 2172 2120
1513 1988 1951
1612 1627 632 1611
2250 400 476 534 2035
921 1162 115 986 1259 1218 1201
2217 2194
225 84
1800 1877
2138 2102 928 364 412 934 581 1778 229
406 1520 2 478 1969 550 522 875 1873 1399 1590 87
629 542 1044
1828 752 1828 1464 1692 1731 97 1882 1696 1467 1961 1729 1716 1705
256 502 365 256 369
473 213 1508 376 1722 1192 1615 550 1850 1003 315 1726 34 1873 51 1011 1578 465 401 250 2090 476 477 994 933 564
2252 1145 136 2148 1761
479 478 54 1665 715 413
1231 389 862
2068 364 1954
360 2049 470 1654 53 360
1143 965
1322 64 1166 1091
974 1380
1495 1837
732 16
1503 1608 364
935 744 1012
457 1012 457 634
1229 799 1083
1331 950
2062 2181
915 1774 1887 1418
2081 340 1129 1700 1124 367 1130 1128 1633 1132 378
1665 2160 591 367 2171 479
319 465 391
173 581 634 1311
1347 363 1069 320 1364
389 1072 1385 480 1779 1738 862 1784 8 1231 2122 1420 1991 1338 1783 2074 463 497 940 1151 597 740 389 1463 442 1754 1829 2206
48 465 813 1240 476 260
1343 953 1367
20 1911 162 1509 1531
1163 930
566 165
1041 1296 59 358 1264 700 1238 1208
911 1147
1048 1365 267 294 889
2092 1903 1156 537 497
1086 1174 1097 814 654
2046 2113 2114 304
2235 63 2045
1633 1385 532 2081 217 367 1341 1632 1633 1725 1352 908 1319 2255
44 44 2162 542
707 1550 1556 485 1295 893
266 452 1147 677 1169
656 550 1441 1406 476
967 890 929 1198 1378 1433 1013 1920 1060 1236
1287 670
821 1071 1088 1185 753
2026 2006 1276 492 1855
134 2145 855 606 1889 1167 1402 1233 898 651 627 486 179 824 1753 66 1727 57 1185 1133 1873 333 154 1324 772 1090 2257 756 870 1469 316 2072 1728
537 2158 1992 1751 93 537 620 1153 18 497 2092 1156 1118 244 395 119 286 110 463 2084 1622
1031 1127 933
1849 1534 1852 1529 1535 1849 2150 1514 2178
1366 952 1309 962
2225 324 1491 1635
878 1124 1276
113 434 1523 934 1812
295 634
477 1523 407 385 416 1575 1552 550 1850 906 285 1969 715 401 465 30 138 2182 400 250 1240 476 412 274 2239 621 581 1318 2101 1578 1406 473 2143 2097 1672 564 725 592 159 494
847 901 787 1846
1179 1043
2040 1159 1469 2007 561 1897
1988 193 344 1513
2088 1901 1902 1117 74
179 486 134 66 404
129 1303 305 1364
2243 1522 1888
1729 1828 1882 1716
705 1454 881
2218 2180
2164 2013 1632 418 607 1302
1107 1281 1284 1282 1285
1640 2027 103
1680 243 1680 1863
1261 1344 766 811 812 208
119 276 1136 1153 395 367 537 1622 45 2163 192 2084
1585 1586 1595 2098 1801 1748 2228
1590 462 1011 1532 522 406 467 476
1127 1290 1031 1694 950 1127 487 1030 1248 1015 1460 1161
1794 310
740 389 1072 862 844 358
1445 359
353 1637 1464 117 116 2123
1967 437 270 1965
1457 1992 1157 395 1250
1065 922
1161 1127
1230 1388
1286 1474 561
1185 1280 821 1088 486 2080 278 1362 1089 280 134 1044 1873 753 943 1189 1220 1202 918
1672 823 274 54 1011 1825 1884 465 1949 1850 476 477 34 1854 82
2186 645 83
1649 635 1659
1235 447 981
673 672 731
1677 1667 1677
358 59 996 1264 480 740 1355 1041 1215 216
1027 1385 1264 63 1376
1435 1132 996 1342 728 1124
574 602 341 1952
1211 577 1324 448
1282 1078 1107 1285 1281 1284 1300 1203
1605 1643
1969 1523 2229 465 406 416 478 477 2097 70
1247 854 616 794 1184
1475 1068 777
1150 1242
1661 1450
580 1336 2014 527 628 632
195 228 13 515
231 1753
885 852 569 411
171 122 364 296 1704 1469
696 1407 1264
1293 1311
1568 1568 2002
136 2252 136 115 2148 1843 1761
2011 513 1426 1974 512
483 1797 399 234 230 238
435 442
1224 793 1468
204 13 844
1613 1912 1627
2008 1159 2007 772 2121 561 2125
396 239 126
829 550 650 534 1344 476
564 1368 465 1240 473 476 477 1578
875 1315 406
578 634 182
1611 1627 632 1612
1068 1475 777 1068 513
1756 1757 81 746 180 271 925 724 1755 1761 192
1013 2211 967
2102 2138 2182 1687
1674 2230 2137 623
255 1388
1730 1730 1519 625 1652 364
1432 1147 1437 939
2012 1525 1635 1811 1872 787 1698
1154 1244
1798 1516 1804
1721 63 1721 2015
2129 2141
2016 2079
1189 1088 1185 1189
1941 2013 954
941 724 1160 693 692 141 1263
402 402 617 235 424 399 1724 292 234 230 1797
33 474 250 208
1894 645 1874
480 1297 1072 1355 389 392 862 1784 652 840 996 1215 1238 1873 1264 992 719 1075 914 59 1463 358 216 442 1700 272 600 2122 1553
1389 1118 1111 1349 1213
112 512 513 334
810 1294
1439 267 1341 993 1410 1476
276 1118 119 276 2084 2163 192
1033 1441 1442 1412 1447
474 208 33 1509 429
1985 1102
1884 1825 1672
1820 1620 1121
325 367 1980 579
874 1134 684 687 1158 689
2172 1634 2001 2120
1575 475 465 250 757 467 476 477 1487
481 1049 177 1645 1550 893 1061 1173 1009 144 1299 737 1461 739 50 1047 1050 485 1295
942 2105 2005 2006 492 1020 490 489 779 1275
1873 67 272 465 486 3 1152 406 1001 1977 480 1264 1088 2122 367 63 668 857 14 1341 993 421 134 1208 423 1379 722 473 1185 476 1393 74 70 1527
855 63 134 1345
1413 889 1413 1349 848 741
513 112 2011 512 513 1655 1272 2145 1145 758 606 1889 2115 2017 1336 1277 901 607 1426 932 1753 313 1989 1068 2254 1914 439 351 2119 24 1500 488 1505 790 1920 561 1113 1966 329 505 152
286 18 227 21 1853 620 93 392 2234 537
1976 2199
370 365 135 369 370 157
858 1245
1922 1422 1927 2211 175 335 1079 1922 1908
1835 632 2182
836 853 137
800 1288 63 1376
548 750 363 1077 1938 114 1264 1063
499 102 196
1403 1382 684
391 319 465
1935 1958
407 465 545 844 477
606 134 513
449 2242 1685 634
1483 827 841 1393
531 528 1334 2148 531 886 1106 1097 2260 1152 327
186 540 490
993 896 1439 1341 1349 848 1873 1476
1883 2095 1658 1197 1816 1883 1908 2193 2166 1668 246 1574 1635
1301 485 1295 1299
245 1740 1169 2013 245 1830
881 504 892 705 880
1889 512 134 513
852 485 569 913 885
2077 1900 2001 2120
1704 102 196 1578 1780 1683 171
87 400 250 406 109 476
1082 1083 1251 1139 799
1732 400 534 2035 476
1685 1515 2207 449
597 389
380 640
1139 1082 1139
1346 950 1104
476 462 423 240 522 400 250 475 1523 1520 2 99 1949 1575 1521 1223 1315 626 1732 259 2101 1192 766 550 1850 478 48 1320 285 715 401 465 1354 30 201 362 72 2063 138 2089 477 412 637 1691 850 1168 348 1383 205 1304 54 1873 51 312 1170 431 1799 413 1578 1114 541 473 1477 1240 745 1221 208 467 70 2250 2143 656 829 2097 328 1672 564 79 1590 714 1675 584 1021 2215 87 109 31 484 1165 505 1531 260 1487
1631 1945 1538 1708
910 1337
765 701 765 1620 769 1302
1554 2176 188 1522 1218
1542 1936 1543
1077 363 2205 1938 548 1077 1937
1784 389 392 1783 480 59
400 476 99 1732 401 465 250 72 477 637 208 2250 2003 87
1560 823 1683 824 102 57
2233 2222 202
460 634
238 1840 483 399 292 1121 1302
1324 1211 2080 1328 1391 1042 1324 1207 1212 1008 134 577 971
1320 1320 54 476 1168
1066 2181
1974 63 2011
1146 250 1946 787 1960
2174 645 83 2256
84 1184 1378 225
42 540 490
364 2002 2068 2138 1076 1743 339 797 1507 347 697 1950 1348 804 888 193 124 486 1547 397 2080 2038 567 493 1085 1115 1691 1133 1638 2239 1084 211 344 172 591 299 512 16 472 1503 772 558 332 1191 364 1730 1711 412 296 171 258 4 552 1321 589 1912
1384 199 367 924
1604 1710
1783 1784 389 1829
621 477
314 634
1177 1415 1458
1606 2060 1617 345
1136 2158 842 1136 1156 565 1237 119 1157 1153
1862 1859 1858 1824 1673 1862
818 1913 954 1573 803
114 548 355
90 501 1218
1501 2202 143 632 1422
853 1131 836
530 1309 185 514 1310 1312 2149
1496 2265
928 2138 1393 896 1385 607 229 1288 1345 782 85
35 647
423 39 1487 421 2043 476 178 1873 997 622
220 273 491 192
558 250 364 634
752 763 36 1828 1464
1038 778 779
1986 1524 2259
1546 1764 2181
215 14
792 787
777 1068 1475
1245 1245 1057 170 858
67 1873 375
1110 650 766 1056 954
981 1085 447 1235
323 492 1160 643 149
1576 1071 1979
2198 1769 1770
2197 1766 1701 1393 1953 2004
1217 863 916
2061 2148
1049 481 485 1295 1299 1047
1353 1123 1740 1826 976 1393
1956 1874
660 47 21 93
78 632 634
1243 1417 1238
413 45 1393 750 641 191 81 746 180 476 413 183 479 257 1980 336 405 426 520
2188 1950 349
809 702 632
627 1332 1451 134 1425 355 1456 784 139
1117 872 2088 689 1000 902 252 1028
877 828
316 2121 134 75
348 253 2 259 476 70
403 1464 755 2010 155 422
1280 486 1089 1185
565 1092 1136 1355 1992 453 93 1742 392 1995 1241 468 1713 1153 497 780 1156 2269 1257 110 463 2234 842 1178 2084
1405 60 908
1715 57 1520 1521
2070 1609 2069 1276 1218
517 468 469 516 46 82
1602 304 2113
650 1845 1351 1110 1344 766 829 653 534
71 250 634
363 2002 1303 1077 709 25 2054 1977 2181 287 889 789 548 271 2004 1347 272 257 1266 1805
1663 617 1706 292
1847 1847 1638 2142
1632 1572 1410 1977 86 367 1632 1342 1132 533 579 2126 378 1619 2164 543 1633 1352 217 1341 1385 908
1023 699 1023 698 1017 1459 693 694 489 1453
1957 1857
1910 2191
615 950 854 1537
1875 2264
1256 989 1079
270 354 1967 437
1639 1695 2111
1458 675 1177 1401
880 881
100 367 579 192
892 32 881
933 1064 1031 1972 1372 208 930 766 1777 473 1357
1583 2157 1635
845 710 1642 2050 1881
664 717 1131 773 1380
249 485 330
1872 2012 1811 1635 1846 1915 1698 1648
1464 36 1464 1467 752 403 1601 1828 353 117 2123 97 1696 1705
61 172 632 634 655
905 1419
345 1743 440 1097 345 2060 1505 1606
1476 267 993 1341 1436 1439
1610 1848 1610
1204 778 779
1365 267 294 1048
1254 1053 1253 324 1478
1531 1635 1531 20 1973 476
1521 1487 3 1578 1579 57 476 1447 1715
1738 486 389 1723 1968
804 1242 1360 364 815 386
1519 1730 619
1656 891 331 1940 91 524
284 277 331 158 53 891
1812 2179 1720 113
620 21 537 18 863 1118 227 286 1622
1726 1563 1722 473
1802 2098
222 226 1694
292 289 1538 1724 235 402 1706 1663 234 230 424 617 2151 1797 238 338
1896 727 995 816 1923
1275 760 1020 975 489 942
99 400 534 476
1799 2063 54 476 2143
1167 134 1233
24 1374 1469 513
2121 316 2007 2008 1897
2003 400 72
2176 1554 1558 45 115
1186 813
2013 596 1572 1941 538 180 2126 418 2164 1345 539 543 245
1419 905 1419
1549 432 2021 1553
131 250 131 634 54
501 90 188 371 568
1200 1345 1123 1216 927
1468 1224 1172 793
515 228 518 195 1789 2110 13
1336 758 1430 580 632 513
312 376 1697 2032 465 476 312 416
1112 1304
2135 2260
1901 2088 1902 704
1166 734 1322
1520 1579 57 1578 1487 3 476 406 1715
1774 915 1887
1983 2124 1714 2042
1692 1828 2123 1882 1961
2109 1504 49 2268
1905 1846 1923
1925 1895
743 1298 690
674 1408
1470 1694 1998 1060 1635 1846 1915 1024
969 665 663 729 1123 1548 1370
1056 686 946 1110 766
1364 750 1417 1100 709 1594 129 1364 1984 1106 2253 1681 1559 1347 1152 1593 1517
2022 2051
168 3 636
1128 2002 861 1375 866 2080 996 1029 1258 1124 1288 1073 2081 1070 1130 1132 748 795
625 634 1730
1362 823 932 1088 1185 1242 753 1089 1220
366 1290 25 2080
1122 1341 977
1505 513 632 536 2200 345
1615 618 473 2182
1696 36 1828 1464 1467
1157 1992 1250 1457 842 1136 1156
187 367 579
946 766 812 1056
654 1578 1086 296 618
2066 2071 208
713 2162 1044
1601 1997 1464
202 2233 52
1881 845 1931
1106 1417 886 528 591 1334 1364 531 1152
755 1164 403 751
828 877
178 421 622 423
1953 271 2197 2179
1380 645 1381 1386 83 664 974
381 271 583
973 978
1662 1062
763 1481 645 248 1164 752 298 97
1494 1853 392
1858 1859 1862 2000
2219 1853 1719
1002 1003 274 1011 2090 1825
1344 1431 1845 766 650 1261 829 1421 534
731 212 1283 2163 786 673
2221 2221 1944
152 512 283 513
1248 1127
1130 2002 367 174 2080 86 191 857 1124 1981 1129 2081 1128 795 1944
1294 988 810
1078 1281 1282 1284 1300
2072 134 1159 772 1113 1897 1469 561 2189
7 219
1803 63 1796 1650
1514 1852 1535 2150 1849 1534
2239 1332 1591 1451 550 715 2229 364 412 477 584
2143 431 626 715 467 476 477 1799 1675 2215
2024 2024 1670 432 2166 1752
2112 2114 304 2113 1964
861 1977 63 1128 882
1758 2108
1011 465 522 1949 994 534 2090 626 1590 1002 416 1003 1825 274 1850 473 51 315 1672 34
66 2258 651 134 179 404
1949 250 813 626 260 54 476 274 1011 1825 1672 1854
1733 262 2234
1126 979
339 1054 364 14 339 1055
214 2249 14 1551
484 550 34 1170 2101 745 465 626 715 476
1259 2148 115 1725 921
863 1153 21 620 93 392 916 863 1217
1977 2002 861 363 1123 1124 1632 1132 378 927 996 1258 1873 1700 2064 2255
170 1617 1245
979 1125 1126
1596 1789
1310 1309 492 1312 530 1141
888 332 1084 1085 364 367 193 344 884
1358 766
1215 1264 480 1149 59 358
497 866 1751 537 565 463 2220 1853 2092 1118 244 719 1558 389 1151 419 997
1669 1947
556 2021 430 432 425
984 771 955 984 1979 1790 524
2192 1970 1398 723 1037 1036 1913 1155 2196 1035 1525 1274 989 787 1846 820 805 1811
1645 481 485
652 480 216
936 1926 1434
74 74 583 1393 1902 968 2181 40 1873 2088 1728 607 327
1250 1237 1992 1153 842 1420 1157 1457
953 1343 1367 856 661
72 362 400 465 250 476 2003
1936 1542 1543
1817 2042 2124
1398 1970 2192 787 2033 2196 1811
1868 1892
2090 1850 371 1011 473 1002 2090 2155 464
1141 492 514 1310 1312
1507 364 412
1693 1578 1579 57
185 530
2184 1558 2048 1227
1395 890 987
1422 1501 1069 1421 797 1694 1311 1422 1920 161 790 2211 1922 1927 2118
205 637 115 476 205
1924 1597
1392 1350
657 1272 283 2276
719 1249 1180 1375 866 719 1029 813 718 497 480
1114 476 745
1686 550 1998 1867 1952 1750
1831 2069 1276
240 634 476 57 1683 1780
581 2138 1052 465 173 350 51 477 213 708
1022 492 1401
1046 791
1236 1448 967
63 554 667 736 213 861 322 293 855 434 523 1933 461 800 164 2045 60 1027 2019 1088 1400 573 1873 2235 1974 439 1721 744 223 561 264 508 2125 1803 1650 1919 17 132
975 1275 1276 1309
1911 1508 20 208 1509
1054 339 1055
436 2020 1614 2051 93 463 436 2153
535 443 524
2255 1977 1132 1725 1633 1352
1325 770 232
1174 1086
2165 2189 1159 561
1308 759 816 1079 1574
1912 364 1613
1160 876 540 941 323 128 492 514 692
894 830 304 2113 2114 614
2099 842 1581
947 1108 1227
536 493 1505 211
328 476 478
1342 1385 1393 927 1632 1435 1132 533 976 925
293 293 63 64 523 2045 2018 1647 1919
130 14 1175
2269 565 2269 82
21 620 93 392 1156 2234 18 863 992 286 660 1622
1597 1924 1597
504 632 634 881
1482 1361 1053 1466
901 1474 901 1181 513 847 1469 561 1113
248 645 763
128 1160 540 490 43
895 1124 1276
641 750 413
1857 1957
1356 750 1341
1119 959 963 964
851 970
1914 2115 513
157 365 135 369 370
2137 1678 623 1785 1674
162 384 20 250 335
420 634 2249 1551
672 673
619 683 619 102 57 485 1519 1232
1993 2117
51 1850 465 473 476 1011 581 213
70 462 1223 259 550 478 1327 1969 201 348 1873 1170 476 34
2019 1886 32 63 64
1100 1364 808 1984 1069
1438 1438
834 819
2229 1969 715 2053 2239
1408 674 412
2241 1634 1900 1832 2009 2120
1359 766
1541 83 1637
2073 887 1807 744 1135
1843 136 115 2266
116 635 117 353
1396 1396
495 495
398 3 285 475 412 416
819 834
1891 349
1133 898 364 134
1197 1883 2193 2272 669 1635 1536
437 354 1967 270
710 1268 845 1440
1968 1723 64 1647 1738
1184 84 854 143 1247 616 1694 1098
1003 522 994 626 1002 1825 1850 473 475 1011
192 2083 100 2158 45 1393 2205 1446 276 220 759 119 1756
547 465 2097
1737 367 2209
1016 1218 1214
486 1738 1280 331 486 870 364 1132 134 179 1044 1455 280 2080 1185 542 1873 211 340 1307
1180 862 1355 719 864
735 1441
1052 708 581
1281 1078 1107 1285 1282 1300
626 522 475 421 1949 465 476 550 1003 1354 1168 34 176 54 1011 1477 1240 994 2143 1021 2215 484 1487
612 634 2201
308 122 288
1804 1798
412 2138 1507 1451 285 2035 715 250 632 476 477 2239 1408 398 1578 364
1309 1080 1411 1329 2006 1366 530 492 1310 1312 514 938 975 962 1276 2149
635 1653 1649 116 1659 117
1827 1079 1635
218 32 560
1025 1142
2091 2049 53 1768 1697 2032
1391 1324
181 167 623
2240 1959 630 1735
1681 86 1407 1364 2253 1593 1594
571 450
1228 352 568 1225
1527 1873
549 634 169
2079 2016
2058 2230
1268 710 150
217 1385 1393 827 375 783 1885 367 533 2004 2209 1633 1725 1632 968
833 1147
691 744 1012
53 2168 277 2049 2091 1697 284 360 796
1266 363 1341 846
161 797 1374 335 1421 1422 2244 1786
865 1123 219
593 525 526 634
26 572 962 194 242
488 589 634 513
1427 1040
827 750 217 841 783 1306 1101 1483 968
1227 949 1225 2184 988 1471 947
1895 1842 1925
985 271 2179 1123
2048 2184 1213
203 649
1361 1092 347 1097 1152 1482
1524 1986 41
798 1393 2181 2191 1123
425 2021 430 432 556
783 827 217
1742 565 1995 844 468 1713 1647
1472 645 1386 83 1473
31 30 250 534 766 1441 579 476
1400 63
79 2059 465 115 1062 476
1194 642 957
1893 645 1874
278 1010 2220 2080 1185 1044 838 801
1943 2130
1429 1288
1116 304 683 1099
1947 1739 906 725 1669
683 304 619 730 1232 1135 1116
196 1704 499
2056 1493 1121 1833 89
588 1684 634
1091 1322
148 634
1098 604 1026 1024 1184
622 178 421 423
2033 1398 2273 1635
2021 556 425 1752 1553 432 1549 1670 1734
1103 1147
1768 1697 2032 2091 1240
940 1385 1338 1339 389
1461 481 50 1295
1083 1082 1083 1251 1273 799 1229 859
279 277 280 237
1416 1131
1915 1060 1573 1811 246 1846 1913 1915 1775 1470 1872 1079 1927 1478
1351 551 650
1571 1810 326
2276 1982 1181 657
601 418
649 203 1608 634
1489 1861
1360 29 1454 736 879 804 32
1760 1699
693 1020 692 941 491 1023 694
1312 1329 1309 1310 530 1141
145 4 211
1193 718
2274 1525 1573 1880 1574
1073 199 2002 528 367 174 1980 1128
401 1850 400 465 250 476 477 473
2097 550 1969 465 138 2101 547 476 477
1407 2100 2047 1407 1370 275 2035 1123 2204 1681 271 1594 594 1059 1999 696 1593
1658 727 1846 1883 1906
2031 1240
73 623 210 318
814 1086
927 1939 1123 219 1132 1342 1977 2191 583 1345 1200
1448 1236
837 1074
2110 515 1789
780 1260 1314 565 1108 1241
1913 1676 1923 2192 1915 1060 1846 1811 818
1725 1259 1633 217 367 1341 908 1352 2255 1385
151 243
533 1385 1393 750 2187 579 367 1632 217 1342 1289
698 1023 1459 1388
2118 1311 1422
1237 1136 916 262 1250
2114 2112 2113 2046 894 1964
1446 1264 59 192
1444 1484 989
2220 392 497 542 1044 1045 278 2220 838 839 1006 1345 1607
1508 250 534 384 208 1578 473 1911 1509 429
1991 468 389 1995 2074 469
1409 794 1635 123
55 241 492
106 334 1753 1588
1262 1264
659 451
1191 364 1244
1089 667 1280 1088 1185 91 92 753 1242 1362 943 428 1202 913
1892 1868 534
1907 123
1960 2211 1146
1456 1332 1451 627
126 396 550 1441 176 1412
2000 2247 1859 1858
2074 1991 389 392
448 577 1207 1211 1212 448
1937 1077 1938 1878
1148 1404 1411 962
169 549 634
1125 979
1926 2065 2134 1921 936 1860
1534 1849 1852 1516 1514
1851 750 1278 2173
2162 542 44 713 1045 221 1493 1121
882 1340 861 1375 722 996 1006 1001 1244 59 2002
1386 645 1381 1380 83 1472 1473
2005 2105 942 492 906
1690 2071 208
1442 1033 989
806 813
2149 2169 2179 530 492 1276 514 1309
2234 21 1156 1973 286 1733 392 565
506 930 1973
166 598 167 623
1471 720 1227
290 291
1440 710 2050 1931
1826 1740 925 1980 1353
718 1249 866 719 813 1193 600
475 250 626 1575 476 1003 1240 398
585 251 1001 375
999 1441 1406
1834 1840 1121
778 1204 489 1038 779
2187 367 1980 533
298 763 1164 36
405 413
2108 3 1758
1152 886 1873 1853 591 1216 1334 1106 1361 1364 115 531 1553
1176 1175
283 657 85 152
1558 2176 2103 1558 45 115 2184 399 93 234 2163 2084 463 497
1933 1928 1092 63 1932 1933
2142 1426 1847
1523 1969 476 477 113
1836 1582
109 87 250 476
1754 389 2232
1961 1692 422 1828
1455 750 486 1455 1008
749 1094
2155 2090
747 93
246 1915 1573 1635 1883
115 2176 1162 2103 921 1259 136 1558 637 1314 1062 1890 205 2148 1843 1152 1201 1517 79
1172 1378 929 1468
1697 1768 465 2032 53 2091 312 1240
1379 1873 1292
2210 1795
46 1973 602 517 1441
1963 2124
57 1693 1520 1521 1560 824 250 651 134 240 102 619 57 1447 1579 1399 1715
315 550 465 473 1011 1578
431 250 2143 634 476 478
268 634
1559 2253 1364 86
336 413
873 1219
1009 481 485 1295
954 811 825 812 766 1941 686 1110 818
502 256 365 261 135 369
644 1682 642 644
411 509 913 885
1529 1852 1849 1535
8 389 262 647 414
30 31 476 477 471
15 124
1864 324 790 1920 820
81 1756 375 413
149 323 643
2104 2104 1634
1653 635 32
80 36 107
2150 1535 1849 1514
1203 1282 1284 1300
2270 1904 1917
591 409 305 1216 1106 364 1665 1152
966 1234
1492 1666
527 580
587 64 211
2212 2201
1063 922 1072 1111 548 1778
2249 214 420 1551
1629 2159 540
1317 677
1824 1859 1862 1673
577 1211 448 577 1324 137
1207 448 1324 1207
1627 1613 1611 1612
1899 1707
1747 1793
1579 1693 1520 1521 824 1578 1579 57 1447
376 312 352 473
1218 1522 1554 1214 90 1016 2070 921 568
2050 1909 2054 1642 2107 845 1805 1931 1440
1399 406 1441 57
781 1307
1168 626 260 1477 1320 476
1675 2143 476
1421 869 1344 161 1422 1443
2180 2218
158 331 277 284
1029 719 1128 1208 1375
2047 2238 1407 729 1370 1885 996 1001 2214 722 744
2130 1943
586 1251 1279
1869 1694 1102
1383 476 745
668 2049 1071 1088 1873 753 1979 796 1202
1480 751
1298 950 688 743 690 1298
948 1424 607
608 375
737 481 50 1295
223 63 561 2045
1258 1977 1128 1129
568 1214 1228 1879 1978 1218 1225 501
349 1743 2188 1617 440 1369 1891 2178
382 465 467
507 1404 563 455
294 1365 1048
2266 1162 1843
1094 749
1394 1909 1394 988
165 566
2045 293 1564 63 2018 2235 1587 97 223 1599 1919
2007 1159 772 2008 2121 561 2039 2040
647 35 453 8
681 952 1147 937
965 1143
1278 1070 1264 1851 1042
2080 364 211 486 908 1121 1302 278 1044 813 736 542 366 1130 1324 1128 1045 645 1185 900 899
1290 366 1127
723 1036 2192 989
2010 403 2010 1731 422
1666 1492
0 372 219 13 459
997 1071 497 423 1108
385 1314 477
522 465 626 476 1003 406 1011 1590
392 1355 21 1385 480 463 565 1784 1095 863 2220 996 2074 59 1494 286 2234 1264
1623 237 1071 1790
1042 750 862 996 1278 1324 1042
1786 2244 161
1289 1123 1548 729 665 533
337 634 1984
594 1407 14
197 634 14
1240 142 1441 39 951 2031 1315 658 636 550 48 1768 1697 2032 477 408 176 465 1240 626 54 475 476 478 745 138 2101 3 564 679
1095 93 392 1007
1233 1167 134 1090
1650 1646 1796 560 63 2171 1803 1650
253 465 348
27 932 13 211
2262 85 772 2190
384 1508 162
736 736 63 1360 2080 1088 4
645 2080 83 2174 1380 1381 2186 1386 1472 1473 2256 248 763 36 1140 961 137 1893 1894
748 150 1128 704
926 854 1478 1479
2246 387 2037
2199 1976
1175 130 1175 1176 1190
342 1946 341 342 1952
1510 1450 1970
634 105 578 182 593 71 240 420 62 37 504 549 124 472 78 628 295 95 313 22 197 394 573 588 169 529 148 431 612 1124 281 172 108 299 337 625 503 61 649 543 655 16 488 103 88 173 457 558 460 592 159 494 482 607 264 268 314 329 307 521 589 449 198 131 96
708 1052 968 708 581
848 849 1341 889 1349 993 741 1413
1339 1338 1339 940 1151
2245 2023
1253 324 1053 1254
1265 972
582 1350 1561 813
1547 364 2036
1252 742
191 251 750 375 697 121 413 1130 1115 1962 1321
944 684 689 1000 902 1028 22 775
257 363 986 413
1997 1601 2123
701 765 1620 769 1302
2106 1695
443 1837 535
2018 2045 293
2115 513 1914
929 967 1172
1840 238 1839 1776 1834
1810 326 1571
1449 1147
793 1224 1468
482 95 634 744 525
838 2220 1044 1045 278
2034 1691 1509 1821
2140 651 64
602 869 574 602 1973 46 1682 2244
1975 2175 632
1684 1984 588
796 53 1202 1088 668 280
725 239 1739 906 2159 832 1947 477
368 1376 133 1814
1877 1800
1797 424 483 399 235 234 1797 617 402 1706 292
632 105 504 1336 78 103 412 394 1501 108 32 61 655 16 472 1505 559 809 1652 1838 1966 1835 329 580 1975 1611 632 1612
653 650
1030 123 1127 2251
1972 933 1973
2267 1731
1145 1430 2252 513
430 556 425 432 147
228 219 13 515 518 1746 195
1689 2208
518 228 515 375 1746
908 2080 900 899 1633 908 1302 1044 1725 1405 1352 1319 1632
459 0 219 13 638
354 437 270
1209 2179 1123
738 776 1295
794 854 1409 1247 616
216 652 480 59 358
534 1508 1845 99 1732 550 1011 1844 2250 829 31 1892 465 250 650 1344
455 458 937 507 1404
1908 1883 1923 1927 1922
1904 1917 2270
273 996 220
1792 254 1562
176 465 626 54 1240 541 126
153 122 296
1714 1983
1903 2092 1992
1441 1240 757 1412 1033 951 735 550 1399 46 656 999 1330 31 126
32 1454 2019 892 1653 632 1360 218
2216 1561
2247 2000
1283 212 1283 731 2163 786
69 544
1699 1760 1036
830 894 1206
1279 383 586 1251
1938 1077 548 1937
1001 882 1873 2047 554 585
1909 446 2050 2051 1124 1213 1214 2054 2185 1909 1394 1805 1878
573 512 77 63 634
1055 339 1054
805 2192 1036 989
1388 498 639 1388 1004 698 255 1230
1695 1639 2106
49 1617 831 2109
2159 1629 906 725
2157 1583
227 18 286 620 395
572 28 26
1621 86 1619 1621
377 252
1326 1326 1327 1020
2095 1883
1509 1911 1508 20 208 474 2034
2215 2143 626 476 2215
489 1020 942 1275 490 1023 778
1012 1199 1397 691 935 744 457
1097 1743 1086 1361 345 347 531
1035 1036 2192 989 2087
1814 367 368
1638 1847 364
543 386 538 539 634 1632 313 2161 418 2013 1572
1842 1120 1895
989 1155 1484 1442 723 1037 1035 1444 1036 2192 805 868 920 1635 1256
523 322 293 63
702 809
1567 1570 1566 1973
646 75 2052 579
2065 1921 1926
2075 36 41 1488
1385 842 1853 217 389 1332 392 367 1980 1340 532 1341 1342 533 940 986 1007 1633 1352 579 928 1027 1752 1981 1725 1632
590 539
2071 2066 1690
849 1341 846 848 849
1151 1420 1151 389 1339 497
1196 1053 1644
589 746 180 1430 488 1578 364 634 1553
624 932 13 211
2076 1694 583
1790 984 1623
2053 1591 2229 250 575
461 367 63
1368 1451 564
511 1257 695 884 1105 375
258 258 211 1636 364 92 1242
934 2138 1315 2182 229 113
711 1239
1854 1949 1825 1850 1672
1420 1151 671 389 93 1250
1135 1099 304 683 2073
1226 1315
137 603 577 645 1954 961 836
338 356 209 292 1302 1493 1121 1776
1369 1092 797 347 349 1578
1734 1670 432 2021 1553
1710 1604
2023 2245
797 1369 364 347 161 990 1422 1553
1465 1239
52 202
872 1117
1411 952 241 1309 962 242 1148
1459 1023 698 699
433 595
1655 513 2113 512
101 1676 1846 995 1574 1635
757 1441 91 92 1575 550 3
138 658 550 465 250 476 477 2097 1240
1406 733 477 1412 656 999
260 1949 1168 465 813 48 467 476
959 1119
1586 1585 1586 1595 2098 1801
890 950 967 890 1395
1620 701 765 1302 1820 2136
1522 2243 1554 1218
916 1237 1153 863 1217
1731 2267 2010 1828
846 1341 849 1266
651 2140 134 824 66 57 154
642 644 1194
1682 644 602 1777
2098 1802 1585 1586 2228
1667 1677
424 1797 402 230 289 292
1778 2138 715 229 1063
1137 1138 876 952 937
296 557 297 153 1578 618 1683 94 364 171 654
1018 454 1234 746
1637 1541 353
825 954 761 766
235 230 402 1797 1706 292 2151
1880 1996 2263 2274
546 1752 367
1498 1921
1979 471 2049 668 1576 1979 984 524
2238 2047 750
1795 2210 2182
2148 531 2252 1259 2035 2061 136 115 1517
2248 2190
1382 684 1034 1403
1866 1525 1811 995
2206 389 1072 2122
616 1247 794 1184 1694 854 1104
2194 2217
1563 1722 1726 478
680 785 831
1761 1757 1756 136 2252
394 632 634
1706 235 617 1706 292 1663 2151 1797
444 232
1062 1662 446 115 1955 904 1062 272 903 79 1878
598 135 166 167
1829 389 1783
183 413
1806 1735 1808 2096
1340 1123 367 882 1385
1485 1067 1443
1450 1970 1906 1510 1846 930 1512 1661 1688 1603
541 465 476 176
2170 1555
427 91 92 211 4
675 938 2237 1453 1458
111 64
2100 1407 2204
2169 2149 514 492
250 1146 71 1508 476 475 416 1949 1575 550 478 236 401 465 400 2053 72 138 477 412 57 637 33 19 162 54 682 2093 431 1430 1578 473 213 1221 208 467 250 558 87 109 592 159 494 31 534 131
544 69
1770 2198
987 1120 1395
803 818
519 190
1257 511 565 193 121
2131 1918
2082 1654
1222 678
1762 1762 1533
1569 1853 1719
676 950
1850 465 401 2090 102 51 473 476 477 1003 274 1011 1825 1672 1854
1944 2221 1130 1944
1659 635 1649
561 223 1286 901 63 264 1159 1474 513 2007 2008 1897 2039 2040 508 2072 1113 2165
1954 137 2068
1274 1036 2192
970 851
782 928
1955 446 904 1062 2183
351 513 512
2020 2051 436 2153
1295 1049 1556 707 300 1061 1301 1009 737 1461 739 50 1299 776 738 1050 481 1019
2160 750 1665 367 579
897 93 986
1512 1516 1450 1603
2009 2041 2241 1634
655 103 61 632 634 172 88
1652 485 1636 16 1730 1652 632
1467 36 1464 117 1696 1828
466 104 2078
824 1560 651 134 57 1579
951 1240 1441
2128 1664
1533 1762 367 491
1751 2261 93 537 497
1330 1441 584 545 1412
1169 266 245
2163 2158 276 212 1283 2163 731 1558 119 2084
1999 1548 729 1407
1284 1078 1107 1285 1282 1300 1203
551 550 551 1351
2253 750 1364 1681 1559 1059 1593
1239 1465 711
2124 2042 1983 1772 1963 1817 2124
180 589 1756 2013 413
2101 421 1552 636 476 2101 550 1170 477 2097 484 1240 3
1433 967
1026 706 1291 1098 1210 1305 604 1428 123
1902 2088 1901 74 2191 583
1888 1213 2243
1890 115
1882 1692 1828 1729 1716
1921 2065 1498 1926
1053 1196 883 1253 1254 1478 1482
135 370 598 157 502
1787 1973
1187 1316
2156 485
2175 1929 1975
422 2010 155 403 1961
1749 1743 1950 2036
259 465 476 70 348
1743 364 1743 345 347 1097 349 1749 1490
1608 649 1503
1481 763 36
1008 1324 1455
1555 2170
923 923 1104
39 421 1240 423 184
866 813 718 719 1128 497
454 1234 390 1423 456 1017 1018 454 939 156
1426 1634 2011 513 2142
1363 950
1105 1277 879 1109 511
2171 560 1665 1650 1544 2171
18 21 286 620 227 537
860 912 742 860
2204 2100 1407
194 26 242
318 73
82 517 2269 1672
1701 2197
1129 2002 1258 1124 2081 1130 1132 378 864
1643 1605
1923 1896 1913 1905 1906 1908
395 2158 1992 1153 93 395 537 119 1457 227 110
658 1240 138
77 573
1755 1757 1263 724 1756
795 1128 1130
903 446 904 1062
1335 302 678
1727 134
446 1909 903 904 1062 1955 133
1020 942 1275 489 968 693 694 1326 692
2117 1993
2126 1632 2161 418 2013 1572
1316 1187
1123 2002 1340 1393 927 968 1977 1752 924 2181 1407 2191 857 1209 583 985 798 665 1353 925 865 1200 663 969 1289
1815 1469
949 949 1225 1227 986
140 369
193 888 1084 364 121 1988 1085 344 1257 332
1381 645 1380 1386
1423 454 746
1906 1658 1450 1846 1923
47 660 813 864
706 604 1026 706 1291
1687 2102
1746 1789 228 518
988 1387 991 1394 1227 1294
802 1192
717 664
1952 342 574 1120 1686
745 550 850 1383 1114 1240 1170 1304 476 484
132 63
1823 1813 1823
13 372 228 599 219 27 1088 624 0 333 195 515 638 379 459 633 374 204
1202 796 1071 1088 668 1089 1185
784 1332 60 784 2063 1451 627
1918 2131
930 1064 1372 1450 933 506 1357 930 1163
699 1023 1459
1719 2219 1853 1569
1928 1933
1499 1598 1600
2222 2233 1808
2202 1501
1618 1809
716 1525 787 995 820 1635
815 804
850 476 745
690 1298 743
500 254
472 634 364 632
1537 615 1210 1871
2038 364 1502
563 507
761 812 766 811 825 986
939 456 1263 454 998 1147 1432 1437
1453 675 2237 1023
524 535 984 1979 891 1656
172 364 634 61 655
2200 1505
1015 759 1127 367
1939 927 1624
280 277 486 1185 796 279 1307 4 1624
2261 1751
1060 1846 1915 1775 1913 1470 1811 1635 1603 324 967
91 757 211 1089 92 427 1656 4
1989 513 1752
291 290
65 288
1182 1270
1313 1474
372 0 219 13 638
1540 1759 1518
1748 1585
1370 1214 188 2047 1407 1213 969
2232 1754
419 93 463 497
1108 947 780 997
714 1315 476
438 267 562
28 572
1118 2002 750 2144 276 620 728 813 537 497 1389 857 864
334 106 112 512
1819 1852
226 222
904 446 1955 1062 903
816 1896 1170 1308 478 820 1188
1945 1631 1626
1570 1566 1567 1973
1080 492 1309
2051 1909 2020 2185 271 2022 1614 436 2153
120 995
977 367 1122
1763 1887
2086 1530
1374 1092 347 161 700 24 2014
869 602 1421
2069 1609 2070 1831
2178 1849 347 349 1469
1017 454 1023
1595 1586 1585 1801
996 1296 840 528 275 2047 1006 1977 1700 392 480 1264 1435 1128 857 1981 2002 882 1132 1042 59 273 358 2064
919 1635 1104
1195 1244
1965 1967 1965
54 1949 550 478 1320 176 250 626 1487 476 1672 1799 479 1240 131
529 634
1598 1499 1469
1497 2275
1436 1476 528 1341
147 430 432 2035
86 1621 375 343 2179 1720 1632 1130 1681 1619 1559 86
1966 632 513 1966
1720 86 1812
631 1959 630 1735 1767
2119 304 2113 513
317 233
417 538 539 1345 596
1454 29 1360 705 32
1536 1635 1197 1867
826 766 208
1562 1679 254 1772 1792
445 139 982 2122 1007
311 496 309 311
1414 1418
1120 1842 1952 987
1530 2086
1043 1179
700 1208 1374 1238 1075 1041
2084 276 2122 1558 2085 537 119 565 2084 2163
1500 2055 513
1387 988 991
844 862 1742 407 740 1995 545 204
1190 1175
9 163 164 357
1796 1646 1803 1650
1741 1616
1005 712 870 1005
1805 2185 1978 1909 1878 363 2050 1805
1557 2242
840 996 480
512 112 513 334 1889 1753 573 2011 351 364 607 1655 152
36 2075 451 1481 645 1467 1464 751 752 80 613 298 97 1696
542 542 2162 1044 2220 44 2080 629 486 1045
212 75 6 1283 731 487 2163 415 786
1264 1297 1355 1296 886 1446 1262 996 1006 1027 1215 1873 480 914 1278 59 358 1041 696 392 548 992 2214
1852 1534 1852 1849 1514 1516 1529 1535 1819
1134 687 874
