2013 1638
3014 373 3015 3169
2714 2939
3261 3260 3263
1594 1592 1593
527 847
758 757 193 758
442 106
1618 1452
2690 2655
324 280 326 1509 1701 637
1463 1590 2052
1102 1673 1958
2824 2977
1690 1122 1478 1528 1814 1891 1695
1620 2138
3004 2550
2059 1114
116 410
1519 1518 1216 1303
437 438 516 711
272 86 103 262 285 310 516 827 887 471 780
1167 1523
3041 2415 770 905
58 180 302 697 390 414 439 554
1889 1382 2916 1344
287 170 675 692 337 846
2473 2534
3228 2456 2624 2037 3228
497 145
2939 2714
1450 2119
2364 2418
2771 3277
1182 1541
1601 1569
1305 2081
2933 2829
380 537
1486 1759
150 149 326 1509 1701 637 917
2795 2794 1241
66 331
474 90 0 1968 862
2521 2557
1291 1344
433 273 432 915 0
1802 1376
2622 2859
1542 1423 1215 1422 1980 2050
2969 279 2292 1897
2095 1918
2845 2214 3235
281 144 418 584 861 419 822
1226 235 1322 592 1821 1568
2489 2391
2246 2246 3034 3035
2065 1474 2064
2766 2604
314 315 643 661
1152 2949 1373
1570 1473
3132 2212
1312 1019 1493 2593
1049 1049
1462 1379
3282 2314
2049 1151 1252 1308 1703 1845 1846 1964 2001 2032 2033 2048 2049 2050 2075 2175
65 152 0 218 266 876 992
1799 1540 1807 2044
1999 88 1678 1850 1976 1281 887
1265 1878
590 291 525 547
2960 2404
420 233
1626 1224 1772 2009
2278 1198 1469 686 3040 905
371 895
2284 2302
1343 1412 404 1881
148 40 230
559 9 753
3016 2238 3017
2563 2448 2562
3087 3109
2129 2130 2131 963
988 631
2796 2999
669 123 390 439 561 251 699
1472 1585 1473
1996 1179 1997
2077 2175
2551 2551
767 467 473 494 822
1989 1241 1514 2149
650 204 387 957
3311 2993
1392 1090 1608
2674 2674
3180 2501
2996 2331 2543 2544 2997 3233
1402 2022
2990 2990
2746 2248 2733 3195
2317 2457
1273 1339 1454 1668 1714 769 2053
1148 1403 1551 1687 710 1390
3276 2450
991 74
736 320 737
2448 2563
1885 1131 1646 1883 1884
407 812
1398 1970 1971 2019
995 631 986 935
2301 2917
282 631
2508 2215
2584 2586 2672 2585
2120 1268
137 330 416
3100 3101
2382 2678 795
734 733 751
506 434 171 394 721 843 939 847 938
470 51 291 364 390
906 390 699
2526 2732
3019 2867
3098 3099
1560 1339 341 1668 1818
1198 2278 2494 1678
706 364 390 483 608 772 773 946
119 810 381
3067 3065 3066
1179 1407 1996 1997
1212 1039 1850 1937 862
2528 2342
3259 2477
2445 2706
243 126 617
198 416
374 373 94 444 445 763
583 158 612 847
261 523
664 502
609 1019 462 828 3162
170 306 494 287 348 520 846
3182 3095 3096
2306 2184 2261 2306 2356
2880 2742
2007 1034
756 334 389
2167 1866
1739 1918
2913 2727
748 616 699 28 48 54 67 105 106 153 1761 697 714 956 987 998 999 1000
2870 2780
2911 2203
1142 1730
330 137 659
1001 7 377 762
2064 1019 30 646 780 1921 2065 2091
369 651 477
681 219 2461 231 248
4 588
12 508 1741 777
2793 2350
114 329
2349 2733 3195
990 980 989 994
2150 646 2148
729 730 1009 737 847
3169 3014 3015
262 86 541 673 797 272 373 471 780 887
2276 626 2843
667 495 666
1747 1135 1630 1720 677 678 1984 867 1986 2136
599 22 598
1436 1435 1434
2452 2981
76 674
1159 1257 1287
2367 2517
405 400 401 403 404 2134 693
1204 1208
1800 2153
605 183 381 452 185 993
2544 2996
901 276 338 555 902 1004
723 99 264 396 764 814 816 847
155 390 699
2125 108 201 1494
344 263 2570
2089 2087
2679 2679
1746 1496
2682 2378 2682 2683 2684
920 619 1004 1005
549 572 574 575 616 646 698
1891 1046 1125 1690 1236 1439
1724 37 79 218 278 1677 1267 876
1314 1583 1406 1584 1657 1731 1735 1736 1737
3212 2208 3213 3216
1093 1065 2026 2027
2080 1300 1333 1704 1705 1926 1954
2763 2296
3017 3016
3176 2343
2855 2207 185 199
628 1461 1243 753
2984 2983 2454 2985
1368 1355 1414 1415 1476
2263 2951 1813 2959
2446 2525 365
2455 2850 2851 861
1264 1017 1284
525 364 390 439 483 517 590
2848 2847
3173 2955 2251
2559 246 3120
1662 1326
2711 2438 2465 2531 2532 2667 2813 3244
2186 3139
504 297 390 471 159 510 747
1443 1534 1535
643 35 38 64 83 121 136 239 271 313 314 348 641 661 682 807 808 814 840 866 893 923 994 663
660 659 40 875 986
2132 1101
392 24 592 914
555 276 338 901 902
3125 2310 2390 2483 2485 2534
1468 1467
2326 2211
3011 3010
1835 1755 1836
1909 1477
2334 3167 3290
2296 2763
1736 1406 1657 1731 1735 1314 1359 1583 1737
3058 3231
1856 1868
3295 3146
2499 2191
25 69 357 655 683 888 296 461
686 32 2278 2494 1469 2669 2686 1678 685 1876 769 887 905
328 617 661 948
1706 1224 1243 1258 1612 610
2004 1214 1461 1571
3015 297 373 471 2720 3014 3169
1613 1047 1599 1190
645 441 1633 880
1228 1456
3071 2269 3072
1190 1078 1613
3266 3267 3268
2505 2694
160 854 596 753 980
841 303 572 688
1202 1183 1841
936 389 3020 937
1263 1612
946 2865 2031 1238 706
1044 1274
2347 2860
809 136 807 808
2475 2715
2963 2834
1894 1893 956
2567 2222 2566
1968 474 862 1972 2160
617 126 243 328 661 916
2607 2606 2608
1794 1792 1487 1793 795
199 606 2855
806 247 2767
565 852
768 263 665 727 728 1876 905
460 79 86 2361 154 263 685 3156 3159 1006 539
2944 2541
890 889
347 209 719
967 447
94 285 373 374 390 439 444 445
298 764 1010
3215 2287
2144 2142
2589 2589
883 776
2517 2367 3108
1151 1301 1960 2049
3070 2369
2001 2049
3096 3095 3097 3182
2145 1805 2054
1257 1159 1852 1880
1735 1657 1731 1314 1359 1736 1737
3183 401 404 3184
2224 2779 2780 2558 3022
2168 1138 441 1632 1851 1801 2168
1327 1977
332 2342 597 439 799
1319 1522
2644 2645
2531 2533 2711 3020
1857 1126 1193 577 1858 1859 1966
1004 7 2316 122 1336 355 365 481 501 502 516 1597 619 802 901 920
1498 130 2139
1523 1167 1826 1779
1488 1031 1872 1645 961
2387 2753
239 64 203 498 643 682 704
3013 2351 1858 821 3274
1089 1297 1347 1500
1145 1139 1716
1550 1457 1235
1281 88 1678 1850 1998 1999 887
1057 1254
445 285 291 373 374 390 439 94 194 444
2066 1165 1788
1852 1257 1295 1340
728 665 727 768
2577 2633
973 389 196
3201 2878 3046
2777 2272 3088
1092 2009
2892 2300
2248 2746
421 1150 353 1262 1646 1687
2637 3064
2647 2702 3085
687 32 2686 685 1876 769 887 905
3168 3167 2444 3290
2540 2232 2469 3033 3202
1243 1505 1461 1648 1706 628
1000 184 275 390 522 554 616 699 714 748 998 999 67 956 1000
291 67 106 152 153 154 159 167 216 317 336 356 445 462 470 482 501 516 590 1714 640 673 683 694 708 746 3130 926 927
843 506 847
1553 1554
2057 1701
1814 1528 1690
2729 2569
2783 2773
1240 1413 1675 865
708 291 390 483 707 223 709 799
1316 1406
2558 2224 2780 3022
1608 1090 57 1392
313 315 643 661 850
838 108 173 201 383 384
860 654 214 861
2727 2913
1370 1406
2165 1043 1634
1282 30 31 179 1740 646 1766 780
1661 1479 1525 1660 1098 1362
1950 1081 1599
2664 2663 2044
2515 3133
476 475
1823 1079 1651 3262
2305 2905
1358 1386
97 5 36 63 949 329 661
363 363 390 765
1194 1680 1731 2135
2835 2370
516 51 69 272 291 364 390 408 437 439 483 699 745 747 772 805 976 977 1004
1836 1183 1755 1835 1838
277 951
2117 1032
2324 2243 2324 3074 3175
2739 2707 715
1603 1878
2982 2707
2832 2286 2295 2323 3160 3161 3200
514 0 173 323 383 384 868
571 95 234 697 616 698
3306 3302
2400 2340 725 876
902 276 338 901 555
93 447 763 800
33 260
86 26 262 272 460 461 585 626 769 797 1006 539
2728 553 887 891 3174 905
1079 1227 1245 1651 1742 1823 1931
1209 1068 1748
1369 1160 2083
1027 1905
581 276 338 580
2936 2869
343 1804 869
3084 3083 3081 3082
2653 2713 3256
2726 2557
2646 2282 3124
2076 1245
632 44 868
70 750 631 659
1953 1292 1760
2950 2953 2956
592 1068 32 1226 392 1568 235 615 685 739
672 2420 2437 215
1451 1287
1222 1540 1807 2044 1803
2866 3181
2764 3224
1568 1226 235 592
2819 2818
1042 1037 1679 1615
2192 2488
2842 2841
2673 3141
1466 2045
2464 37 278 2858
1119 1119 2036
1533 1687 710
85 366 619 697 390 698 699
2209 2195
1080 1189 1195 1583 1406 1657 1731
1745 1409 1269
3078 2744
2853 2852
1196 1083 1180
2033 1903 1980 2032 2049 2050
1943 1061
589 129 131 134 140
3001 3307
598 151 336 599
2511 3206
3102 3101
2734 2809
3153 2328 1667 2460
1910 1911
1793 1777 1794
3128 2799
491 635
1275 1622 1924
112 917
795 91 2382 1794 1811
1140 1460
641 157 209 719 643
929 390
146 40 144 907 230 416 418 822
24 127 392 406 685 947 952
2289 2794
2703 3286
180 34 58 105 303 390 572 688 698 717 842 987
368 488
159 285 291 504 547
1191 1230 1727
2437 2420 672 3165 3286
2078 1582 1929
1897 1176 2969
1339 1106 1273 1560
2391 2219 2489
685 24 263 266 460 322 592 665 686 687 697 845 769 903 905
1508 1150 1687
932 202 240 386 654 869
597 51 87 318 332 390 439 483 608
638 128 3046
316 622 410
372 69 107 194 501 502 655 888 1007
715 2739 135 610
1124 1460
2790 2461 2857
1379 1074 1462 1504 1605
1185 1945 1530
909 446
2314 3282
2438 2465 2711 2813 3244
3081 3082 3084
212 390 439 963
1960 1151 695
2406 2316 2406
1711 1223
630 348 375 629
3203 2232 2322 3202
2922 2921
1840 1101
700 390 698 699 366 619 697
3243 2798
3289 3248
1420 2260 432 2699 1770 3107 705
1380 1014 1059 1378 1591 1406
2002 1045 1470 1452 1954 1955 2003
1873 1869 1663 1919
2322 2605 3203
2055 2054 2056
835 661 837
1490 1096 1709 2052
821 329 2591 3013
2612 2611
1337 370 1870
2071 2098
2700 3231
925 431 868
3139 2186
1078 1040 1076 1190 1600 1371 1599
2298 3023
384 173 383 514 838
466 465
2812 31 471 2539
574 349 95 310 549 572 697 616 698
591 1017 0 326 217 724 978
872 213 778
1352 1207 1449 1539
1237 1653
1830 1689
2081 266 905 1305 665 1876 2161
3043 2419 185 2641 2909 2980 3111 3117
2813 2711 2438 2465
2285 2285 2616 2615
943 944 986
1586 1336 1587 1005
3018 2627
1186 1648 1806
509 174 340 847 848
1545 1013 80 1427 1725
2594 2325 2595
1169 1075 1220 1387 471
1941 1406 1030 1244
576 390 873
3291 56 2318
60 443 586
1611 2155
1890 1253
1269 1745
2295 2832 3161
2163 2164
716 2381 135 2961
2687 2688 2689
2027 1065 1093
1977 1637 1327 1974 2026
2460 2202 79 1543 1667 3028 828 3153 3162
548 89 546 986
612 52 271 569 583 955 964 965
59 18 604 847
2862 2932
2995 1851 2765
1473 1304 1472 1569 1570
2177 2903
2137 1621 1069 1211 2147
1629 1153 1585
3288 3287
1354 1019 2856
877 659 661 662 718 856 937
408 516
320 1009 730 736 737
341 1386 868 1560 3258
1047 1127 1442 1613 1636 1679 1776
3115 2221 2745
816 814 121 723 866 847 848
338 69 107 463 555 580 581 655 827 888 901 902 471
2550 3004 3005
3082 3081 3084
2574 3217 2651
376 673
140 104 589
2498 2695
3204 2468
2938 2937
61 944 986
1141 1081 1248 1866
406 24 789
815 264
1582 1391 2078 1853
941 938
50 763
3049 3050
1011 1034 2028 2029
2407 2579 354
1382 1344 1889
1838 1834 1836 1837
1065 1093 2027
355 51 69 356 364 390 439 483 747 772 976 977 1004
492 570 493 631
2830 2291
1792 1794
236 178 295 305
1590 1463 1589 1128 2052
1506 1150 1294
388 249 579 676
2169 1133 1170 1529 2166
502 265 372 107 501 508 755 1007 664 1004
2172 2171
642 986
1704 1045 1470 1285 1705 2080
306 170 615
1635 1753
1203 30 1432 1964 2151 780 2148
2019 1398 1400
1741 12 1740
2915 2942
2262 2412
1285 1423 1503 1704 1980 2050
3267 185 3266
1602 1448 1829
1241 1514 2795 1989
404 1343 401 403 405 693 1859 3183
1972 1091 1609 1643 1964 1968 2160
1557 1558
2121 1051 1299 1964
1855 1920
2252 3310
1875 1023 1616 1988
2966 2967
2798 3243
2633 2577
3117 183 2641 3043
1640 1810
2204 2265 2762
741 1009 847
2362 614 2898
1882 2101
337 287 675
176 67 105 390 830 987 998
2156 1072
2951 2263
1109 1029 1401
2765 441 1528 2995
1246 1866
964 488 612 834
3223 2522
1483 1310 2116
1567 1935
1638 1637 1181 1356 1375 2013
977 355 516
1949 1752 1753 1628 1948
2069 2068
2099 1223
2815 2814
2876 2947
2907 2350
206 507 1628
3129 2809
1973 1975
2155 1611
2110 2006 2109 2005 2112
2749 3264
1987 1988
2017 2016
1546 1547 1763
3095 3096 3097 3182
693 400 401 404 405
2149 30 1374 646 780 1979 1989 1921
2101 1882 2102
2082 31 2082 2083
3304 3172
1759 1033 1363 1486 1561 1946 1947 2014
2409 2688
289 732
1983 1388
653 225 2895
1003 416 631 659 247 494
684 381 216 953 969
2683 2378 2682 2684
2010 2010 2011 2012
2449 3075
1050 1168 1254 1942
3205 615 3234
1610 1310
731 139 166 907 979
1831 1336 1554
2160 1972 1968
1491 1035 1054
1963 1055 1066
2330 3280
1938 1019
2005 1461 1332 2006 2110
1528 1255 1478 2738 2765 1723 1814 2970 1690
951 477 277 399
2659 2937
121 866 643 814 816
2688 2409 2687 2689
1672 1390
1310 1610 2116 1483
1752 1628 1949
2930 2419 2471 2980
2757 2568
1005 51 1197 1336 481 1586 2860 680 920
1412 1343
1834 1837 1838
1665 1034
1425 1107 1174
698 390 85 95 180 303 456 481 549 571 572 574 575 619 668 694 697 700 701 805 904
2977 2824
922 896
2480 3236
1311 1990
1023 1875
2173 1175 2174
1315 1625 1810
197 647 898
304 304 634
1410 1374
3251 3250
200 390 582
2176 1689 1908
822 125 144 145 146 242 281 360 412 417 418 472 473 767 810 879
3235 2214 2845
2410 3275
2660 2650
3031 2784 2402 2432
2266 556 2894
1714 1273 291 2686 616
381 0 119 605 606 684 713
1347 1089 1500
7 390 616 1001 1004
1227 1079 2792
3255 2361 2556 1521
2806 2807
656 166 657
1009 245 320 631 659 691 729 741
171 506 817
2774 31 1357 2293
411 40 230 410 631
1826 1523
1501 1502
2106 1168 1751
688 180 841
221 390
1647 1556
2672 2584
2656 2194
80 0 269 1545
867 677 678 1747 868
1723 1100 441 1528 2105
3029 2277 3029
541 262 297 471 507
673 262 291 364 390 428 517 538 553 376 377 711 762 802 839 905
9 158 202 260 559 820 970
352 2583 353 354
1460 1061 1124 1140 1218 1374 1464 1761 1781 1979 522
1108 1317 1676
271 690 487 488 612 643 644
264 723 815
2534 2473 2609 2535 3125
1417 1013 1500 1725
1862 1430
428 673 891
2961 716 3186
370 135 1337
1332 1338 2005 2050 2112
2857 2790
42 487 488 644
2669 2668 2463 686 3191 905
3035 2246 3034
607 192 849
508 12 502 655
2553 2402 2405 2784 2785
1806 1186 1805
3156 2183 460 3159
1146 1389
3146 3150 3295 3147 3148 3149 3151
1710 429 1172 305 1409 1512 1513
110 584
910 364 390 745 747
2693 2373
2425 2440
1505 1243
1709 1490 2072
3177 3178
2088 1372
2843 2276 626
438 51 179 302 437 251 439 745
1385 1175 1385 2174
2507 3074
1643 1972
2754 2755
485 486
2053 1273
1144 1416 1481 2105
1081 1141 1950
1234 1416 769 905
577 3209 965 1857
1790 1847 1915 1927 1928 2022
2353 2565
2691 2241
845 2183 32 685
1373 1083 1152 1373
2657 1286 2447 1302 2658
621 40 230 620 623 624
2372 2372
1712 1223
2350 2793 2907
214 654 860
2243 2324 3074
3181 2395 2866
2964 3143
1948 1825 1949
714 184 422 616 699 28 54 67 105 106 153 956 987 999 1000 748
295 228 232 236 475 535 602 634 732 771 882
2629 2416 2721 3262
2151 1203 1918 1432 1433
959 959 986
3227 3226 2346
3290 2334 2444 3167 3168
2889 2752 2820
1518 2282 1519
15 390
2389 2941
2216 3044
1433 2151
647 197 898
3027 3026
649 387
911 302 364 745 747 772 804
1481 1144 2139
1827 2072
3154 2459
1907 1022
907 146 493 731
1356 2061 1638 2083
2128 1244
1693 1260 1844
1406 1080 1314 1316 1359 1364 1367 1370 1380 1584 1658 1715 1731 1732 1733 1736 1737 1822 1923 1941 2070 2135
2146 2162
705 1420 432
798 713
2390 2245 3125
55 2196 0 3279 971 972
2588 2745
2355 2945
2028 1011 2040
27 393
1871 1178
1614 1773 1615
1998 88 1850 1281 887
2542 2541
1231 1416 769 905 2157
2423 2212
379 678 954
1192 1730
743 84 495 979
361 360
1927 1784 1785 1790 1928 2022
560 450
2130 2129 963
387 11 202 434 649 650
1020 1496
448 810
551 679 680
2555 3110
1969 1129 862 905
832 17
2909 3043
444 37 278 373 374 390 439 94 445
2988 2989
2111 2112
1694 1810
1828 1043 1634 1695 2139
2953 2950 2956
1153 1329 1342 1629
3246 3245
173 108 384 514 838
87 87 597
436 847
1930 1293 1487
3303 218 2976 876 2399
2775 2776
661 329 643 36 63 97 191 203 313 314 328 603 617 674 726 735 835 836 852 877 908 948 916
3046 2878 638 3201
1360 1175 1905
216 291 684
3241 3242
2075 1925 2049
275 28 54 105 106 1249 153 469 619 697 956 987 1000
2383 2816
797 86 262 297 471
884 814
3189 3188 2247 2366
244 364 390 439 483 547 926
2119 1426 1450 1536
1513 284 1710
2247 3188 3189
3 634
2744 2259 2724 2833 3078
839 673
2127 2126
2595 2594 2325
2348 2548
3279 2196 55 2901 972
1331 1517
2772 3239
745 364 251 356 438 516 746 804 805 910 911
1740 31 1282 1740 1741 1766
2483 2245 3125
1944 1045 1470 1870 1886 1178 1945
2956 2953 2950
256 447
1061 1943 1374 1460
1426 2119
3202 2468 2540 3033 3203
1176 1021 1897 1896
971 55 362 524 972
1929 1698 2078
2579 2407 351 2580 354
1303 1519
2868 413 2466
1525 1661
3080 2665 3079
3238 3237
997 96
1434 1436
969 968 1707 684
237 979
2036 1041 1119 1307 1475
2974 3077
3116 3190
2926 3249
3110 2555
774 1236 441 1633 880 2118
390 7 10 15 22 28 51 54 58 82 85 94 98 103 106 147 151 153 154 155 156 167 176 180 182 200 212 219 221 231 233 234 244 248 253 254 259 303 317 318 336 355 356 363 382 391 414 444 445 450 455 456 462 470 481 482 483 504 507 516 517 523 525 550 557 573 576 597 608 619 658 668 669 673 680 694 697 698 700 701 702 706 708 711 727 744 746 772 773 799 802 804 812 880 896 899 906 910 929 1000
1306 1418
1563 1564
2545 3274
2539 2185 2812 3042
1849 1848 3124
288 917 615
189 391 483
1529 2654 3021 3305 2169
2201 2201
3209 577 2393
2821 2268
164 952 353
2921 2922
2229 2597
131 104 589
846 170 287 604 848 850
772 390 355 516 706 746 804 896 911
3233 2996 3232
1348 1353 1965
1781 1460 1774
2051 1896
2865 648 2181 946
623 620 621 623 624 625
3104 3103
67 54 105 176 291 616 714 748 998 999 1000
2183 2677 845 3156
2767 2434 806 3272
1497 1497
1333 2080
1351 1893
2046 1133 2047
2895 653 2897
805 490 698 745 747 763 516 746 804
1786 1784
1958 1102 354 1673 1959
2509 2638 2649 3301
0 0 99 111 381 415 514 585 690 691 783 784 954 55 65 80 591 359 545 474 670 433 915 844 881 724 961 446
1653 1237
2858 2464
2494 1198 1469 686 3040
1242 1236 2118 1860
2259 2427 2442 2744 2299 354
162 782
2955 2251 1173 2332 2503 2760 2948 2952 2954 1813 2958 3173
1923 1406
263 26 122 311 344 424 425 426 566 685 768 769 796 840 283 460
738 2665 789 739
2532 2711 3020
1621 2137
258 944
518 952
1201 2060
1163 1500
2605 2322 2613
2241 2691
2908 2462
3152 3152
3220 2972 3105
190 71
459 573 697
1037 1042 1309 1679 1615
36 5 97 274 329 661 916
1886 1097 1944
2336 851 3119
876 65 1247 2400 2401 1489 2638 1724 725 732 2104 992 3303
357 25 888
1932 1504
1053 2135
3298 2743
1465 1298 1878
1045 1453 1704 1705 1944 1954 1955 1980 2002
3025 2199
3051 2234 2270 2510 3052 3054
1853 1582 1918
1660 1661
2052 1463 1490 1590 2025 2072
377 2371 673 1001
3073 3039
2321 2630
115 569 671
3063 2758
965 577 612
2421 2883
345 857
1961 1055 1066
2592 3296
676 388 2985
2706 2445
1565 1564
2108 1798 2107
292 233
712 935 750 847
864 863
694 184 291 390 616 698
208 495 659
2461 2790 681
733 45 734 855
840 263 643
2748 2747
1766 1740 1282
2174 1175 1385 2173
1648 1186 1461 1243 2050
940 393 394 938 939
293 169 213 396 397 651 778
2590 2178 2476
83 274 643
2791 553 3208
477 346 369 753 951
218 65 1247 2401 1489 2638 1724 725 732 2104 3303
859 29 792 793
842 699 180 842 896
2215 2508
2320 2401 2638
1256 1120 1206 1818
157 57 290 641
2171 1101 2172
1403 1148
2030 2090
1850 1458 1212 1281 1937 1951 1998 1999 862
1342 1153 1438 1516
3068 3069
23 309 704
274 36 63 83 203 735 916
307 847
1500 1070 1088 1089 1163 1236 1347 1417 1499 2024
1253 1051 57 1253 1636 1890
2557 2521 2726
489 488
606 381 199
1076 1040 1078 1599
662 877
655 25 265 276 296 338 372 537 561 508 1007
3278 2878 2701
1920 1919 1111 1663 1855
3285 2365
283 263 311
697 32 34 58 85 184 275 285 364 390 439 459 469 471 482 522 547 571 572 574 685 224 698 699 700 748 887 905
265 69 107 194 501 502 567 655 888
914 392 2651
132 564
2925 2925
572 547 180 549 573 697 841 574 616 698
762 1376 673 1990 1001
1133 2046 2169
939 71 506 930 938 940
2885 2885
56 1824 3291 172 1492 505
744 390 447
1454 1273
3141 2673
3055 3056
2070 1406
2987 530 2730
3097 3095 3096
603 5 661
1728 1085 1729
1609 1101 1842 1972
613 611 955
1796 1326
321 825
2035 1374
2011 2010 2012
435 847
1612 1263 1706
1494 1136 108 201 2125 1577
2424 2887
2958 2955
2012 1479 1879 2010 2011
426 263 424 425
2191 2499 2546
2697 2591
1074 1379
3200 2335 2832
2113 1121
1499 1500
812 390 407
927 291 926 147 456
1363 1759 1946
2604 2766
1389 1146
2573 2965
2159 1918 2175
1136 1494
1455 2072
2096 1168
1775 1776
1634 26 2244 1100 2257 1138 1634 1828 1893 2139 2165
3130 291 3131
570 410 492 659
553 2728 2791 673 1921 1951 2161
2086 2087
1596 1595
2992 2235
1782 1576 1935
1869 1873
3090 3196
2072 1455 1709 1827 1878 2052 2054
2211 2326
464 2745 739
1279 779 1976
235 1068 1226 1568 592 739
2112 1193 1966 1980 2006 2050 2110 2111 1332
993 3085 605 1721
3026 3027
2804 2524
584 110 281 389 202 240 386
2102 2100 2101
2655 2690
29 740 793 818 859 792
1493 1312 1738
402 400 401 3185
2486 2583
2050 2049 1285 1332 1423 1542 1648 853 1980 2006 2032 2033 2112
503 634
850 846 313 604
2919 2638
3007 2272
1954 1045 1470 2002 2080
898 647 691 197
177 40 230
2523 2431
3161 2832 2295
1464 1460 1184 1761 522
3010 3011
1059 1014 1365 1378 1380 1733 1744
1114 1187 2058 2059 2104
2273 2273
51 355 356 438 470 481 516 597 318 364 390 439 482 483 616 747 1005
1123 1060 1864
1335 1517
127 24 297 471
3296 2592 853
319 135 788
6 64 682 20 663
1019 609 2064 79 1312 1354 1743 1938
3256 2653
1431 1416 2193
796 263 769
2444 3167 3168 3290
2162 2146
1215 1542
403 405 404 631
611 950 613 644
790 488
2837 2838 2882
2135 1406 1053 1194 1680 2141
308 868 1986
986 659 660 61 84 226 495 548 642 651 750 875 935 943 959 980 995
161 53 309
1599 1076 1078 1600 1613 1685 1950 2074
2016 2017
2268 2821
2361 130 2556 3255 460
2522 3223
1218 1460
1918 1188 1276 1298 1308 1739 1811 1853 1917 2023 2094 2095 2114 2148 2151 2159 2175 1940
2516 3108
2587 2587
1362 1661
604 59 846 850
1271 1865
2164 2163
2184 2306 2356
8 868 1986
1729 1728 1627 1717
1297 1013 1089 1725
2193 2236 1431
928 651
2680 2680
1619 1188
2338 3059
2811 2226
3239 2772
2371 377 2422 3140
424 263 426
2834 2963
1066 1171 1961 1962 1963
3197 3197
1984 677 678 1747
111 0
1652 1868
39 1010 488
3287 3288
1878 1096 1265 1465 1603 1684 2072
185 183 2641 605 2855 3043 3267
191 409 661 847
689 573
1732 1406 1657 1731 1985
899 22 390
2457 2317
2131 2129
817 454 171 1002
1997 1995 1179 1996
396 293 213 397 723 778
2392 2781
1811 1064 1230 1727 1764 1900 795 1918
2026 1093 1637 1977
2414 3257
1150 1236 1262 1294 421 1506 1508 1659 2118 1507 1912
1692 1593
858 663 781
2454 2983 2984 2985
415 0 953
2189 2303 2634
1922 1901
451 450 773
1086 1480 1479
1899 422 1898
1495 1733
3270 2934 2308
3122 3121 194
1400 1970 1971 2019
1578 1530
1219 1236
2034 1289 1776 1981
2014 1033 1759 2015
2712 3089
1872 1031 1488
456 390 147 698 927
1868 1652 1856
1442 1047
103 79 272 364 390
1103 2103
3008 1397 3009
1805 1806 2145
2799 339 3128
1095 1864
1325 1683 1839
2971 2417
1161 1056
918 364 439 483 926
3167 2334 2444 3168 3290
824 970
1474 1921 2065
830 554 176
1072 2156
2902 2541
2325 2594 2595
837 836 835
671 115 600
2179 2200
2345 2230
1684 1683 1878
690 0 271 691
450 390 449 451 560 710 896
1703 1702 2049
2524 2804
123 310 547 668 669
3148 2312 3146
2161 553 905 2081 1921
1419 1921
2482 285 2943
2311 2288
2450 3276
2873 1580 2827
349 1177 574 575 619
2785 2402 2405 2553
1295 1852 2018
2404 2960
1527 1024 1077
1088 1236 1500
2045 1466
3038 3045
1449 1352 1978
2887 2424 2886
861 2455 281 860
3066 3065 3067
3264 2749
1139 1145 1716 1842
249 388
1597 1598 1004
2393 3209
3009 1851 3008
397 293 395 396 213 778 652
2520 3024
31 2202 1282 1357 297 1489 2665 2774 2812 1740 646 732 3028 779 882 2082 471
386 385 202 240 584 932
1725 1297 1417 1427 1545 2024 1967
303 22 180 841 390 698
54 28 67 184 275 390 422 522 699 714 748 956 998 999
523 364 390 182 261
2109 2006 2110
1469 2278 2494 686 1678
1651 1079 1823 3262
2203 2911
2615 2285 2615 2616
1804 343 1334 1699
3260 3261 3263
3042 2539
1522 1319 1323
2469 2540
1127 1047 57
1731 1406 1071 1080 1194 1314 1359 1364 1583 1584 1657 1658 1680 1731 1735 1736 1737 1985 1732
2126 2062 2127
3158 2233 339
683 25 291
2463 373 2669
3258 2213 341
788 89 319 546 579 875 935 847
367 488
2999 2796
2279 2750
2003 1487 2002
1067 1236 1251
727 390 665 728 768 968
2360 2839
2973 2973
2847 2848 2849 1807
1801 1138 441 1632 1633 1531 2024 1851 2168
1571 1158 2004 2006
1701 326 149 150 324 325 327 2057
1322 1226
270 868
305 228 232 236 429 1512 1710
269 80 878
2118 1150 1242 774 2024
1679 1037 1040 1042 1047 1411 1475
1994 1214 1819
868 8 14 44 270 308 341 431 478 514 677 867 632 925
1267 37 278 1724
2760 2955
1900 1221 1811
2643 2645
1865 1271
2377 2502
1115 1383
2613 2605
779 2202 31 88 1279 179 1664 3028 1895 882 887 1006
188 531 791 814
1691 1815 1992 1993
1272 1383 1649
334 389 756
425 263 426
978 1549 591 917
3061 3060 3062
1286 1046 1125 2657 1532 1902
196 389 973
1548 1193 1966
1671 1670
510 471 504 566
195 753
1592 1593 1594
635 491 870 961
810 119 417 448 531 246 822 900
857 345 775 863
3075 2449
803 799
473 767 822
3194 2218
1068 1209 235 1515 592 1718 2115
957 650
2828 3219
2147 2137
2466 413 2868
1516 1329 2470 1342
3052 3051 2234 2510 3053
246 2559 810
496 142 596
2671 2439
2927 2363
2881 3135
1539 1352 1207
3127 2274
1536 1038 57 2119
2244 2213 1634
1199 1220 471
769 86 263 1231 1234 1273 2686 538 685 686 687 796 2157
2381 716 3186
1797 1727
441 1236 2447 1478 1531 2665 2765 1723 645 1801 774 880 2168
1435 1436 2008
3121 3122
17 488 601 663 832
268 561 668
1035 1491
1895 646 779 1991 780
1467 1467 1468
2535 2534
2896 2897
2187 2666
2794 2289 2795
956 275 522 714 748 54 633 1894 999 1000
2282 1518 2646 855
1106 1132 1339
658 390 82
3005 279 2550 3006
530 879 2987
2041 1524
480 40 230
982 348 981 622
2239 3114
2286 2832
2649 2509
2504 2197
228 178 295 305
2198 2198 2281
825 763 321
1756 1784 1785
1077 1527
1428 1429
52 612
887 272 1281 262 2728 686 687 697 779 1951 1998 1999
3105 2874 3220
3047 2735
266 65 88 152 297 685 732 3191 905 2081
2047 2046
260 9 33 290
1702 1703
2422 2371
38 643
2488 2192
187 847
2636 2635
1540 1222 1266 1541 1799
1041 2036
852 661 565 908
165 863
2854 2493
2058 1114
3028 31 1667 2460 779 828 3162
1320 1646
468 299
520 170 847
3159 460 3156
970 9 158 824 933
1120 1210 1256 1604 1606 1818
475 295 476 558 742
471 2221 30 31 1075 1169 1199 122 127 1232 179 262 272 276 1357 285 1383 338 504 510 541 556 566 2812 697 732 3015 780 797 802
1718 1068
311 263 283 2529 2530 2105
942 730
854 160 854
2009 1092 1626 1772 1224
48 28 106 422 748
1487 1031 1794 1930 2003
2549 2981 3138
1229 1063 1707
1489 31 218 1863 876
2031 1012 1349 1238 946
273 432 433
1951 553 1850 887
1448 1446 1602
3231 2700 3058
1580 2873 2043
400 402 405 401 693 916
227 753
494 170 767 1003
1639 1509 1673
2721 2629 3286
916 5 36 63 77 274 329 400 595 617 661 813
2685 3297
1128 1588 1589 1590
1181 1637 1638
1624 1549 1903
2718 2719
1507 1150
3222 3240 3281
1649 1383 1272 1650
2666 2187
106 28 48 184 275 291 390 422 442 522 554 699 714 748 998 999
3248 3289
72 674
1317 1094 1108
1798 2108
1622 1275 1622
2709 2681
1809 1974
3003 3003
2571 2570
1981 57 2034
2079 1381 1517 2021
808 587 643 809 814
1901 1300 1922
2369 3070
241 410 631 659
2152 1812
96 913 997
1677 1724
2083 1160 1328 1356 1369 1637 2082
2242 2665
1771 1770 2123
1761 184 1460 1464 1526 748
3144 2696 2283
602 295
2397 2394
2883 2421 3240
2742 1122 2880
3137 3136
1111 1920
2043 1254 1277 1366 1580
1956 1383 251
3107 1420 2441 2699 2840 855
948 329 661 328
3145 2190
1717 1716 1717 1887 1729
2006 1214 1258 1422 1571 2005 2109 2110 2112 2050
3093 2599 897
3297 2685 2879
1401 1109 1401
3170 2869
26 86 263 1634
1029 1100 1109 1248
1471 1783
1896 1176 1393 1607 2051
317 291 390
194 265 372 422 445 3122
481 51 318 364 390 439 482 483 616 698 747 1004 1005
3077 2974
900 810
447 93 213 256 296 535 744 778 800 921 967
446 909 0 3273
3271 2934
2447 441 2657 2658
934 680
2255 2554
1301 1151 695
1720 1747
1778 1778
1359 1583 1406 1657 1731 1735 1736 1737
2481 2631
2359 2564
300 418
2021 2079
2074 1599
2827 2873
210 64 279 682
2063 1048
1697 1696
3150 3146 3147 3149
2814 2815
2861 2501
848 846 109 348 509 515 814 816 980 983 984 985
49 847
1646 1131 1262 1320 1321 421 1883 1885
101 542
2141 2135
2565 2353
2708 2825
145 16 472 497 542 822
3250 3251
1298 1465 1770 1918
3059 2338
1429 1428
2530 311 2529
467 389 767
3044 2216 2105
1695 1100 1690 1828
659 70 208 211 241 330 495 570 660 722 750 877 979 980 986 1003 1009
3257 2414
2849 2847
2937 2659 2938
1073 1075 1387
2632 2207
1940 1918
2625 2626
1667 2328 2460 1326 3028 828 3153
2138 1016 1620
1768 1099 1767
3094 2784
2384 2872
3048 2894 2290
2784 2402 2432 2553 3031 3094
580 276 338 581
2788 2787
1110 1564
1906 2826 3123 2048
1125 1250 1286 1302 1891
2205 2899 2900
3050 3049
2433 3218
624 621 623 625
207 499
359 358 0
2249 2249 2797
1211 2137
2602 2603 2704
2715 2475
1013 1417 1427 1545 2024 1297 1967
2303 2189
1292 1854 1953
996 847 751 752 994
1309 1037 1040
2689 2688 2687
773 390 608 356 451 706 773
1791 1476
1173 2332 2948 2955 1812
1405 1445
1118 1101
2820 2889
2234 3051 3052
1730 1142 1192
3045 3038
2356 2184 2261 2306
231 390 681
747 439 51 355 356 481 504 516 746 804 805 910 911
2098 1276 2071
53 161 309
2825 2708
955 488 612 613
722 245 333 659 721 787
2123 1770 1771
1378 1014 1059 1380 1680 1744
1887 1717 1888
2570 2571 344
331 66
931 99
1094 1317 1676
1091 1972
1021 1176
963 2130 212 2129
1324 1683
1017 1264 1549 591
2890 2918
1670 1671
2948 1173 2955
1224 1626 1706 2009
2405 2553 2785
1813 2263 2955 1812 2957
2852 2853
680 21 100 390 439 551 679 934 1005
2781 2392
2846 2518
1911 1762 1910 1248 1924
2300 2892
172 56 1168 1934 505
393 27 940
785 847
1572 1916
225 653
1689 1830 2176 1908
2758 3063
3245 3246
1970 1398 1399 1400 1971
3275 2410
2299 2253 2259
2199 3025 2593
2898 2362
2182 2512
2062 2126
3120 2559
205 670
342 771
802 62 297 390 471 566 668 673 754 801 905 1004
1755 1835 1836 1837
847 18 40 43 46 49 59 81 138 181 186 187 191 202 242 307 394 409 435 436 484 506 509 519 520 526 527 529 542 583 593 594 595 712 723 729 730 741 760 761 775 785 788 814 816 826 843 966 980 983 984 996
40 146 148 177 411 480 621 625 660 847 849
1082 1716
1683 1324 1325 1684
238 608
1606 1120 1206 1105 1604
1321 1562 1646
1749 1235
771 295 342 566 770
947 24 378 974
1598 1597
875 660 788 986
346 477
2779 2224
614 2362 696
1688 1390
1479 1086 1480 1661 2012
493 492 907 979
1810 1640 1694 1315
2631 2481
2214 2845 976 3235
37 1267 182 2464 310 444 1724 828 79
1193 1548 2112 1857
2225 2398
1743 1019 2394 1874
91 64 682 795
128 638
557 390 897
586 60 184 422 443 469
1604 1120 1206 1606
454 817
2226 2341 2811
3053 3052
389 196 334 467 579 584 636 936 973 756
2293 1543 2774
1558 1557
2495 3294
1255 1255 1528 2139
1965 1348 1353 1903
2965 2376 2573
47 213 778
2735 3047
3012 2418
1530 1185 2008 1578
2116 1310 1483
2339 2596 974 378
69 25 355 356 516 265 276 296 338 372 461 505
2038 2039
105 28 67 176 180 275 422 522 699 714 748 998 999
1742 1079
2917 2301
2194 2656
147 390 456 927
3247 2335
1069 2137
193 758 759 760
1737 1406 1657 1731 1735 1314 1359 1736
2934 2308 3270 3271
2755 2754
2856 1354 2751
2340 2400 725 3164
1052 1787
1884 1885
1207 1352 1539
870 635
2962 2962
2596 2339 378
800 447 763 93
2453 2912
99 0 723 931 952
1579 1100 2105
1164 1795
2374 2420
2375 2269 3213 3214 3216
2583 2486 352
2181 1012 648 2865
1112 1952
2309 2538
360 361 419 822
2702 2647
718 877
1975 1156 1973
794 240
3294 2495
3057 3033
921 447
1641 1754
1915 1790
395 397
2993 3311
1427 1013 1545 1725
1162 1381 1517
2717 2716
136 643 809 814
1258 1706 2006
2020 1278
1239 30 1788 780
2115 1068
1678 21 1198 1281 1469 686 1999 2073
166 656 731
827 272 276 338
2039 2038
2959 2263 2957
1721 1254 429 1919 993
1822 1406 1130
1824 56 1512
751 45 704 734 752 996
1346 1484
2501 2861 3180 3036
2267 2776
1562 1321
1302 1046 1125 2657 1532 1902
896 285 390 450 608 772 842 922
1673 1102 1639 1958 1959
2529 311 2530
323 109 133 512 513 514
153 1 28 275 291 390 422 522 699 714 748
108 1494 383 2125 173 838
1916 1422 1572 1705 853
2537 2537
1676 1094 1108
2261 2306 2356
2736 2178 2476
1819 2048 1994
2478 2552
3036 2501
1616 1616 1875
32 592 665 686 687 697 845
2379 3286
2608 2607
2040 2028 2029
2598 2548
2614 2617 2619 2616
3133 2515 2413 3134
2085 2087
545 286 544 0
373 94 2463 251 262 374 444 445 3014 3015
2886 2888 2887
16 145
209 347 641
3174 2728
944 61 943 258
1423 1285 1542 1845 1980 2050
439 51 58 94 167 212 244 253 259 302 332 355 364 365 382 414 438 444 445 481 482 483 516 517 525 597 668 669 680 697 702 747 755 804 871 918
1155 1213
1113 1395
531 188 532 810
512 323
3211 3213
2233 2698 3158
1126 1857
1764 1811
2022 1928 1402 1784 1790 1927 2022
895 371
1006 86 460 780 779
2313 3157
21 1678 680
2394 2397 1743
495 19 75 139 208 667 743 935 979 631 659 986
538 673 769
28 48 54 105 106 153 633 987 275 390 422 522 714 748 999
309 23 53 161
325 149 326 1509 1701 637 917
35 92 500 643 814
1293 1930
143 704
2807 2805 2806
2912 2453
511 691
648 2181 299 2865
1846 2048 2049
594 595 847
1147 1874 1952
1296 1892
1551 1148
915 432 433 0
2512 2182
3191 266 2669 905
1848 1205 1216 1849
2412 2262
2768 2315
566 263 471 510 152 770 771 802
2678 2382 2396
1046 1286 1302 1521 1532 1891 1902 2024
2626 2625
2157 1416 769 1231
248 390 681
92 35
2219 2391 3151
889 890
1391 1582
878 269
3283 3284
629 350 515 629 630 985
1727 1366 1191 1514 1811 2097 1797 1816
1931 1079 2420
3166 2593
391 390 189 382 799
487 42 271 950 488
1290 1349
863 165 857 864 865
3163 2575
2698 2233 2591
787 722
478 868
2351 3013 3274
250 13 691
622 316 410 982
1988 1875 1987
513 323
701 364 390 521 698 699 668 799
30 1203 1239 1282 1650 1788 1991 2064 2149 471 505
3225 2968
1715 1406 1408
945 11 204
2054 2072 2055 2145
644 42 271 611 1010
919 764 1010
432 273 1420 433 915 705 855
3280 2330
10 390 440
2142 2143 2144
1252 853 2049
2787 2788
2900 2205
279 2292 210 358 2969 3005 3006
3277 2771
1033 1759 2014 2015
646 31 179 1282 549 1650 732 1895 2064 2149 2150
2094 1918
636 389
2175 1918 2049 2077 2159 2122
3165 2437
1503 1285
2970 1528 3210
1200 1107 1174
2940 3076
1674 1121 1482
2352 2479
1476 1368 1414 1791
1921 179 1419 1474 553 1664 780 1991 2064 2149 2161
833 488
2585 354 2584 2586 781
63 5 949 97 274 329 661 916
2620 2621
2297 3254
1554 1553 1831
2869 2936 3170
578 608
2619 2614 2618
1767 1099 1768
1129 1937 1969 1631 862
1555 1555 1556
1754 1641
1452 1618 2002
2543 2996
2725 2725
1149 1589
1404 1038 1090 1107 1174 1776 1924
2782 2782
2429 874 3155
1758 1386
558 475
2068 1722 1345 2069
434 387 506
1566 1386
2778 2676 2724
3207 2257 3207
674 661 72 76
1633 378 645 1801 774 1851
1395 1113 1313
2328 3153 1667
3268 3266
358 279 359
834 488 601 831 964
1371 1078 2140
3240 2435 2443 2883 3222
3175 2324 3074
1022 1907
2552 2456 2478
2699 1420 2441 3107 855
1864 1101 1095 1123 1552
2238 3016
750 70 631 659 712 979 986
2841 2842
1480 1086 1479
440 10
836 661 837
2949 1152 2949
533 533 534 732
1208 1204
3114 2239
550 364 390
844 0 958
696 614
3293 2624
479 175
1990 1311 762
1959 1673 1958
3179 3179
2916 2576 1889
2496 2496
732 1 31 78 218 266 284 289 295 429 430 471 505 533 534 646 780 862 876 905
666 667
2107 2108
1511 1168 2134 1707
2667 2711 3244
1015 1236 1439 1440 2093
95 571 574 2923 698
2733 2349 2746 3195
1537 1394
893 643 703
1245 1079 2076
254 390
976 2214 355 516
2319 2561 2877 2878
1682 1038 57 1636
122 263 297 471 2745 1004
2789 2946
522 28 54 105 106 1249 153 1374 1460 1464 469 616 619 697 956 987 999 1000
2343 3176
1770 1420 1298 1771 2123
2823 2610
126 617 243
1716 1082 1139 1145 1716 1717
181 847
1036 1485
1383 1115 1272 1649 1650 1956 471
2044 2274 1222 2664 1799
118 22
443 60 443 586
2976 2399 3303
354 352 2259 2407 2579 2580 351 353 2585 2586 2770 1958
1928 1784 1785 1790 1927 2022
2476 2258 2590 2736
962 2 3151
1131 1885 1646
2396 2678
1336 1586 1831 1863 1004 1005
3108 2516 2517
720 759
2459 3154
2753 2387 2418 1708
2547 2893
2556 2361 3255
2029 1011 2040
1696 1697
3184 3183
2776 2267 2775
3310 2252
1422 1134 1542 1655 1916 2006
1366 1727 2043
1184 1464
2538 2309
2275 2210 1707 3085
543 851
923 643
1851 1633 1801 2995 3009 2168
2097 1230 1727
753 477 160 195 227 559 579 628 695 811 874 853
3187 2593
2105 1100 1144 311 1579 1723 3044
3002 2527
1055 1961 1962 1963
449 450
1210 1120 1206 1818
616 521 522 7 51 67 481 549 571 572 574 575 1714 668 694 714 748 2018 3236 998 999 1000
3188 2247 3189
2860 2347 1005
1772 1626 1217 2009 2092
2606 2607
1214 1158 1708 1994 2004 2006
1919 1721 1873 1920
2024 1013 1046 1058 1236 1445 1500 1725 1801 2118
201 1494 383 2125 838
2836 2358
752 704 751 994 996
2357 2354
215 672
2091 2064
3088 2777
1892 1274 1296
2668 2669 2670
2601 2642
1056 1056 1161
2270 3051
213 47 293 396 397 447 872
1393 1896
983 847 848
1387 1220 1073 1169
950 487 488 611
1971 1970 1398 1400
144 141 146 453 1002 281 416 822
1924 1275 1404 1911
2197 2504
1172 429 1710
326 149 150 325 324 350 591 1701 917 1509 637
82 390 658
452 183 605
1666 1034
3030 2304 3030
1304 1473
5 36 63 97 603 949 916
3219 2828
2899 2205
2591 2697 2698 821
2398 2225
2332 1173 2955
515 350 375 629 848 985
1685 1599
1217 1772
1574 1280
735 274 661 77 813
1841 1202 1183
2208 3212
383 108 201 384 514 838
1722 2068
1787 1052 1254 1288 1654 1780 1789
414 390 58 439
2231 2231
2468 3202 3204
151 390 598
2472 2817
1010 39 298 488 644 886 919
2800 2801
781 2585 858
1870 1178 1337 1944 1945
1329 1153 1438 1516
3178 3177 2428
894 73
252 290
3286 2379 2437 2703 2721 2864
2493 2854
567 265 1650
179 1075 1282 267 297 438 1650 573 646 779 1921 1991 471
1544 1168
351 2579 354 416
913 96
251 302 364 373 438 517 668 669 699 745 1956
975 410 564
1769 1038 57 1107 1174
930 939
2140 1371
3083 3084
2681 2709
2441 2699 3107 855
204 204 650 945
2661 2661
2479 2352
791 542 188
385 202 386
575 349 549 616 698 699
1083 1083 1196 1390 1439 1440 1912 1939 2093 1373
2875 2914
542 101 145 791 847
1591 1380
1030 1244 1941
1138 1043 1801 2168 1634
2586 354 2584 2585 2586
1521 1046 3255
2399 2976 3303
2271 2603 2652
3086 3086
1439 1015 1083 1440 1444 1478 1891
1326 1543 1662 1667 1796 828
2833 2744
1520 1233
1945 1185 1870 1944
1844 1693
3135 2881
3022 2558 2224 2780
891 428 2728 924
362 971
2257 3021 1634 3207
1461 1158 1243 1648 628 2005 2004
1 153 732 1937
853 1916 1252 753 3296 2050
462 291 364 390 167 828 556 609
203 239 274 661
2617 2614 2616 2618
1534 1443
1399 1970
2386 2786
1547 1546
737 320 729 730 736 954
1156 1975
2675 2206 3099
498 239
3034 2246 3035
184 54 106 1249 422 539 586 1761 694 697 714 3252 999 1000
562 505
2635 2636
484 847
1458 1850
318 51 481 597 390
873 1168 576
2122 2175
1502 1501 1877
1377 1446
908 661 852
130 2361 182 1498
3024 2520
724 217 591 0
1535 1443
856 877
1174 1038 1090 1200 1404 1425 1769 1776
2578 2490 2696
2609 2534
100 680
1254 1050 1057 1721 754 2043 1524 1787
1394 1537 677 2136
882 31 295 779
1699 1334 1804
749 634
2235 2235 2992
1116 1893 2139
505 30 56 69 78 172 534 562 732
1733 1406 1059 1495 1744
75 495
1776 1047 1775 1107 1174 1404 2034
2060 1201
2639 2640 782
702 390 439 483
1514 1230 1241 1727 1979 1989
3054 3051
633 28 422 469 956
1636 1038 1047 57 1253 1289 1682
695 1301 1960 753
1738 1493 1842 1843
564 132 536 775 975
1453 1045 1470
782 162 2639 2640 754
1905 1027 1360
2707 2739 2982
739 235 464 588 592 738
573 34 152 179 390 459 547 572 257 829 689
109 323 848
1171 1066
904 698
2967 2966
755 439 502 699
107 265 276 338 372 502
2918 2890
1330 1247
1818 1120 1206 1256 1560 1210
1903 1624 1965 2032 2033
1526 1761
1101 1118 1441 1609 1840 1864 2132 2133 2170 2171
1587 34 1197 1586
11 387 945
2419 2930 3043
2432 2784 3031
1843 1738
1986 8 308 1747
2133 1101
482 291 364 390 439 51 481 697
1898 1899
2684 2378 2682 2683
1365 1014 1059
1100 1029 1579 1723 1634 1695 2105
62 802 2593
537 380 655
1048 1028 2063
2801 2800
1376 1802 762
18 59 847
3143 2964
2073 88 1678
866 121 643 814 816 569
1681 1407 1409
3292 3292
2903 2177
2093 1015 1083 1397
631 282 70 226 241 403 411 492 495 620 750 979 980 988 995 1003 1009
14 868 1630 544
3273 2237 446
2260 1420 3124
382 113 364 390 391 439
465 466
2366 3189
1274 1044 1892
2810 2525
2408 2738
721 506 722
2190 3145
2838 2837
725 2340 218 2400 876 992
1268 2120 1381 1517
1788 30 1165 1239 780 2066
865 863 1216 1240 1933
961 0 1488 635
2264 2223
2283 3144
2518 2846
2443 3240
704 23 143 239 563 751 752 855
2358 2836
966 847 186
2533 2531 3020
2663 2664
3134 3133
2456 2344 2552 2624 3228
461 86 25 69 888
1457 1232 1550
2618 2616 2617 2619
1807 1222 2847 1799
754 1254 802 782 801
820 9 398
463 276 338
2979 2599
1686 1559
1847 1790
3138 2549
855 2282 2441 432 2699 1675 704 733 3107 3124
499 207 416 691
507 390 206 541
777 12 364 799
234 364 390 571
1261 1750
2418 2364 2753 3012
2015 1033 2014
793 29 792 740 793 818 859
569 64 115 488 600 612 682 866
2686 2385 1714 686 687 769 905
1459 1104
524 971
1117 1154
501 265 291 372 1007 502 1004
2677 2183 79
2223 2264 2491 3171
2975 3118
626 2276 86 2843
3160 2832
2403 3172
1364 1406 1731
226 631 986
2206 2675 3099
981 982
2624 2344 2456 3228 3293
1979 1374 1460 1514 1978 2149
1178 1178 1871 1870 1944
120 634
1821 1226
1600 1078 1599
255 202 654
1355 1368 1414
1026 1957
2467 2470
871 439 517
3269 2230
178 228 232 236
2227 2844
2265 2204
1189 1080 1583 1657
670 205 0
43 847
1158 1214 1461 1571
1084 2158
2153 1800
1440 1015 1083 1439 1444 1478
2008 1435 1530 1341
3171 2223
1675 1216 1240 1933 855
1845 1423 2000 2049
1496 1020 1746
2676 2778
1328 2083
2277 3029
979 495 631 659 731 743 237 242 493 750 885 935 980
1713 1223
315 312 313 314
1581 1524
2929 2867
1456 1228 1232 1235 1588
284 1513 732 429
1751 2106
1631 1129 90
167 639 291 364 390 439 462 608 799
2752 2889
134 104 589 691
2312 3148 3149
2368 2368
1090 1107 1174 1404 1608 1392
1978 1449 1979
3140 2371
831 663 834 886
1421 1216 1765 1933
1974 1809 1977
2439 2671
2599 2514 3093 2979
2603 2271 2602 2809
1008 455
2310 2245 3125
892 500 703
138 486 847
2600 3109
1028 1048
44 632 868 678
1007 296 372 501 502 655
811 753
2067 2067
775 564 847 857
2376 2965
2942 2915
1515 1068 1748
2018 616 1295
2323 2832
453 144 416 417 418
540 784
365 364 2446 439 799 1004
2829 2458 2933
2385 2686
398 820
3076 2940
375 515 630
1180 1196
818 29 1708 793
2484 2906
3064 2637
760 193 847
2572 3192
1750 1261
879 416 530 822
2514 2599
1492 56 1157 1492
2730 2987
2170 1101
1569 1473 1601
3244 2711 2438 2667
3281 3222
2770 2580 354
1175 278 1360 1385 2173 2174
149 149 326 150 325 1509 1701 637 917
1942 1050
3272 2767
280 324 350 917
801 754 802
763 50 93 374 427 800 805 825
1430 1862
455 22 390 1008
1294 1150 1506
253 364 390 439 483 547 926
3006 279 3005
880 390 441 645 774
668 22 123 268 390 439 616 251 802 698 699 701 766
3192 2572
1160 1160 1369 2083
2458 2829
1350 1985
3131 2863 3130
1538 1248
2575 3163
2859 2622
1157 1492
804 302 364 390 439 745 747 772 746 911 805
1637 1181 1318 1375 1638 1977 2026 2083
2250 2904
169 293
2220 2220
2931 2492 2497
1018 1524
634 3 120 295 304 503 749 819
45 733 751
2269 2375 3071
2989 2988
1188 1619 1918
2630 2321
364 51 103 167 234 244 251 253 259 302 355 365 382 462 470 481 482 483 516 517 523 525 550 673 697 701 706 745 746 777 804 910 911 918 439
746 291 302 364 390 699 745 747 772 804 805
3079 3080
593 595 847
156 390 699
692 287 2651
1585 1472 1629
2435 3240
1075 1073 1169 1220 179 471
1577 1087 1494
1278 2020
2470 2467 1516
335 22
77 813 735 916
3232 3233
229 625
678 677 44 379 1747 1984 867
713 381 798
2315 2768
1414 1368 1025 1355 1415 1476
974 2339 947
378 2339 2596 1633 947
726 661
937 936 877
3149 2312 3147 3146 3150
1299 2121
2401 2320 218 876
1777 1793 2048
302 58 251 438 746 804 911 364 439
2365 3285
301 2245 68
1820 1259 1270 1617 1669
1541 1182 1540
1880 1257
2871 2256
104 129 131 134 140
1432 1203 2151
972 55 3279 971
828 2202 34 37 79 278 1543 462 1667 609 3028 2460 1326
2692 2923
2946 2789
905 266 2278 88 1231 1234 2669 2670 2686 2728 673 685 686 687 697 732 768 3040 3041 802 1969 3191 2081 2161
183 2207 185 452 605 3117
1143 1980 2103
1099 1767 1768
1085 1728
1187 1114
394 506 847 938 940
2805 2805 2807 3112 3113
2502 2377
1361 1446
1908 1166 1689 2176
1287 1159 1451 1573
1205 1848
2431 2523
1415 1368 1414
949 5 63 97
1952 1147 1112 1952
413 2466 2868 608
113 382
1318 1637
1444 1439 1440
1206 1210 1256 1604 1606 1818
2281 2198
356 51 69 285 291 355 390 745 747 773
2761 2710
1936 1935
430 732
2 962
2809 2603 2734 3129
1107 1038 1090 1200 1404 1425 1769 1776
2185 2539
2000 1845
2724 2744 2778
2253 2299 2891
2792 1227 2623
2474 2212
1040 1076 1078 1309 1679
1817 1623
1388 1982 1983 1437
2738 1528 2408
3252 184 3253
2546 2191
3253 3252
2202 2460 779 828 3162 31
2719 2718
3101 3100 3102
2732 2526
2428 3106 3178
935 495 657 691 712 788 979 986 995
217 724 591 615
322 685
2564 2359
807 643 809 814
3111 3043
1165 1788 2066
1277 2043
488 17 39 42 271 367 368 487 488 489 569 790 833 834 950 955 964 1010
2872 2384
163 290
926 291 244 253 259 483 918 927
1413 1216 1240
742 475
2906 2484
1386 1358 1384 341 1566 1757 1758
64 6 91 210 239 569 643
3305 1529 2654 2166
1995 1997
2998 3109
2983 2454 2984 2986
2634 2189
412 822
3254 2297
1396 1236
1235 1456 1550 1588 1749 2025
544 14 286 545
1233 1520
348 170 630 982 643 848
68 301
2434 2767
924 891 222
595 593 594 847 916
129 104 589
2879 3297
1223 1711 1712 1713 1964 2099
2910 2451
1058 1236 2024
3099 2206 2675 3098
2228 3299
2952 2955
2986 2983 2985
2548 2348 2598
1655 1422
2329 2329
3249 2926
3092 2802
278 79 1175 1267 182 2464 310 444 1724 828
2773 41 2783
2415 3041 960
780 471 88 1203 1239 1282 262 267 272 1650 1664 1788 732 1895 1921 1991 2064 2149 1006
1016 2138
1656 1833
615 217 288 306 350 1509 592 3205 3217
778 47 293 396 397 447 872
2272 2777 3007
3236 616 2480
2413 3133
917 280 288 326 112 149 150 325 327 978 985
125 822
2826 1906 3123
1926 1344 2080
3126 3126
2503 2955
416 137 142 144 146 198 351 418 453 499 879 1003
20 6 663
296 25 69 655 1007 447
1372 1904 2088
2342 2528 332
2904 2250
3113 2805
2569 2729
2901 3279
2803 2803
1877 1502 1575
78 534 732 505
691 0 134 250 499 511 519 651 690 898 935 1009
903 685
1861 1266
2487 3185
1238 2031 946
639 167 608 640 799
2652 2271
223 708
2863 2864 3131
1774 1781
2722 2723
3224 2764
2581 2560
789 406 738
1441 1101
286 545 544
79 1019 37 103 2460 278 2677 460 1724 828 3162
2568 2757
3151 2219 3146 962
651 293 369 691 928 986
3091 3091
1381 1162 1268 2079
2874 2972 3105
1876 686 687 768 2081
654 202 214 240 255 860 932
2947 2876
2816 2383
2100 2102
2337 2731 3124
3124 855 2260 2337 2646 1849
1532 1046 2658 1286 1302 1532
175 479
2818 2819
3263 3260 3261
2023 1918
1334 1699 1804
1341 2008 2056
1874 1147 1743
1221 1900
2935 2180
84 743 986
640 291 639 799
2114 1918
3147 3146 3149 3150
2769 3142
2236 2193
19 495
2158 1084
1839 1325
764 298 723 919
1517 1162 1268 1331 1335 2079
329 36 63 97 114 661 821 948 916
2420 2374 2437 672 1931
532 531
2217 3037
2308 2934 3270
2292 279 2969
1353 1348 1965
2287 3215
897 557 3093
601 429 17 834
410 116 174 241 316 411 570 622 975
2148 1918 1203 2150
2743 3298
3172 2403 3304
102 267
2363 1789 2927
174 410 509
1866 1141 1246 2167 1867
1964 1137 1203 1223 1972 2049 2121
3032 2477
2562 2563
2442 2259
1407 1179 1681
1650 30 179 1383 1649 567 646 780
2388 2388
2154 1833
1680 1014 1194 1378 1731 2135
2318 3291
2527 3002
2616 2285 2615 2614 2617 2618
1757 1386
1946 1363 1759
1627 1729
1038 1107 1174 1404 1536 1636 1682 1769
1991 30 179 1664 1895 780 1921
472 142 145 822
2923 95 2692 2924
152 65 88 573 266 291 566
1698 1929 3123
3237 3238
620 621 623 631
2576 2916
230 146 148 177 411 480 621 625
1098 133 1661
1707 2210 1063 2275 1229 1511 969
2440 2425
1783 1471
663 6 17 20 643 657 831 858
1595 1596
1230 1191 1514 1811 2097
1883 1646 1885
2426 2756
1096 1490 1878
874 753 2429 3155
849 40 607
2395 3181
1668 1273 1560 1860
1470 1453 1704 1705 1944 1954 1955 1980 2002
1024 1527
770 566 3040 3041 771
740 29 793
141 1002 144 418
989 990
2200 2179
677 1394 1747 678 1984 867 868
3000 3265
399 951
1357 31 2774 1976 471
776 883
2291 2830
1105 1606
1168 1050 1511 1544 873 2096 2106 172 1524
1842 1609 1139 1738
1284 1264 1416 1642
1345 2068
3265 3000
765 363
1808 1808
980 631 659 847 848 979 160 990 986
3074 2243 2324 2507 3175
3299 2228
2196 55 3279
2662 2582
608 390 167 168 238 413 578 597 639 706 773 896
2840 2839 3107
1477 1909
245 722 1009
3155 2429 874
1708 1214 2753 818
2786 2386
2084 2104
1418 1306
2745 122 2588 2665 464 3115
3206 2511
427 763
2451 2910
2491 2223
2914 2875
2341 2226
490 805
1726 1374
1220 1075 1169 1199 1387
1902 1046 1286 1302
2222 2567
1250 1125
2981 2452 2549
2327 3221
1564 1110 1563 1565
158 9 970 568 583
2701 3278
1815 1691 1992
3065 3066 3067
2166 2654 3021 1170 3305 2169
71 190 939
1475 1679 2036
1593 1592 1594 1692
2991 2991
2087 2085 2086 2089
1195 1080
1642 554 1284
2430 2430
1197 1587 1005
220 619
1760 1854 1953
242 822 847 979
1925 2075
1858 339 1857 3013 3274
3056 3055
3020 2531 2532 2533 936
1657 1080 1189 1314 1359 1583 1584 1735 1736 1737 1731 1732
2500 2333 2500
2232 2540 3033 3203
2623 2792
1765 1421
2178 2590 2736
2061 1356
2510 3051 3052
2032 1903 1980 2033 2049 2050
1967 1013 1725 1967
3226 3227
699 22 34 54 85 98 105 106 153 155 156 251 310 366 516 575 619 668 669 697 700 701 714 746 748 755 842 906 987 999 1000
186 847 966
2256 2256 2871
1867 2696 1866
1071 1744 1731 1985
1632 1801 2168
3229 3230
1957 1026 1409
2104 1114 218 876 2084
1705 1045 1470 1617 1704 1916 2080
3210 2970
1244 1030 1941 2128
1607 1896
2597 2229
952 24 99 164 423 518 552 588
528 528
2212 2423 2474 3132 2695
2928 2822
3072 3071
1039 1212
2954 2955
135 319 370 610 715 716
1753 1628 1635 1949
417 453 810 822
862 1129 90 1212 474 534 732 1850 1937 1968 1969 862
3221 2327
1658 1406 1731
409 191 847
240 386 584 618 654 794 932
3040 2278 2494 770 905
2696 2578 1867 3144
2750 2279
582 200
2037 1307 3228
1484 1346
1478 1439 1440 441 1528 1690
1832 1833
786 814
2737 2258
1166 1908
998 616 748 54 67 105 106 176 998 1000 999
2025 1235 2052
637 149 150 324 325 326 327 552
1645 1031 1488
1137 1964
3033 2232 2540 3057 3202
2980 2930 3043
2972 2874 3220
1628 1424 206 1752 1753 1949
1837 1183 1755 1834 1838
168 608
3262 2629 1651 1823
57 1127 1253 157 1536 1608 1636 1682 1769 1981
2240 3190
1409 1745 429 1512 1681 1710 1957
1816 1727
2888 2886
2621 2620
267 102 179 780
3186 2381 2961
3119 2336 2756
730 729 320 737 847 942
2490 2578
3062 3061
1063 1229 1707
2380 2628
953 415 684
257 556 573
1289 1636 2034
3307 3001
1260 1693
2411 2741
526 847
3198 3199
585 0 86
3274 2545 1858 1859 3103 2351 3013
1064 1811
610 135 1706 715
709 707 708
1014 1059 1365 1378 1380 1680 1744
2802 3092
1888 1887
486 138 485
182 37 130 278 390 523
2519 2254
563 704
1762 1911
2720 3015
222 924
819 634
2716 2717
1424 1628
1032 2117
2561 2319 2877 2878
3217 2574 615
1584 1406 1314 1657 1731 1985
992 876 65 725
1860 1132 1236 1242 1668
327 1509 1701 637 917
46 847
2525 2446 2810
1935 1567 1576 1782 1936
1789 1787 2363
625 40 230 624 229 623
1132 1106 1860
1051 1253 2121
1588 1128 1456 1235
429 1172 284 1408 305 1409 1512 601 1710 1721 732
88 152 154 1281 779 1998 1999 2073 266 780 905
1812 1173 1813 2152
814 643 35 121 136 188 519 723 786 807 808 816 866 884 847 848
1825 1948
2864 2705 2863 3185 3286
1288 1780 1787
299 468 648
1659 1150 1659
233 292 390 420
2477 3032 3259
312 315
1912 1083 1150
1070 1236 1500
1266 1540 1861
73 894
2650 2660
547 123 159 244 253 259 572 573 590 697
2090 2030
2638 2320 218 2509 2919 876
2136 1394 1747
1573 1287
2139 1043 1116 1481 1634 1255 1498 1828
1034 1011 1665 1666 2007
881 124 0
1270 1820
1097 1886
2554 2255
1012 2181 2031
1980 1045 1143 1423 1470 1542 1285 2032 2033 2112 2050
2471 2930
1914 1914
1654 1787
652 397
1669 1820
1773 1614
2756 2426 851 3119
960 2415 711
350 280 326 515 615 629 985
1367 1406
619 85 275 349 390 522 220 920 698 699 700 1004
719 641 347
2831 2307
2941 2389
2894 2266 556 3048
784 0 290 540
3039 3073
823 627
1687 1148 1533 1236 421 1508
3109 2600 2998 3087
1576 1782 1935
1485 1036
294 588
1549 1017 1549 1624 978
2642 2601
1556 1555 1647
954 0 379 737
3301 2509
657 656 935 663
600 569 671
710 1148 1533 450
1748 1209 1515
885 979
717 180
2103 1103 1143
529 847
561 268 561 655 669
2945 2355
2582 2662
297 31 179 266 122 127 1232 504 541 3015 797 802
2230 2345 3269
431 868 925
2943 2482
139 495 731
2402 2553 2784 2785 3031
2307 2831
1338 1332
1504 1379 1932
3242 3241
2416 2629
340 509
987 28 275 422 522 699 714 748 176 180 999
419 281 360
2048 1819 1906 1777 1846 2049
3103 3104 3274
2378 2682 2683 2684
618 240
1615 1037 1042 1411 1614
1183 1836 1837 1202 1841
1982 1388 1437
3193 2294
2370 2835
1248 1029 1141 1538 1911
1524 1018 1168 1254 1581 1934 2041
142 416 472 496
2436 2436
2897 2896 2895
3284 3283
2207 2632 2855 183
703 892 893
1002 141 144 418 817
2905 2305
2645 2643 2644
1803 1222
457 458
1784 1756 1786 1927 1928 2022
2042 1283
133 1098 323
2968 3225
2195 2195 2209
2808 2354
81 847
2331 2996
521 616 701
1251 1067
1280 1574
627 823
1734 1985
3234 3205
2762 2204
1054 1491
1445 1405 2024
1863 1336 1489
2978 2978
285 272 94 159 2482 356 445 697 896 471
3230 3229
2280 2536
2304 3030
2485 3125
2850 2455
1829 1602 3037
2882 2837
1025 1414
1135 1747 1154
2218 3194
2851 2455
2713 2653
1122 2742 1690
310 37 123 272 278 517 574 699
1663 1873 1920
2288 2311
3196 3090
3069 3068
2290 3048
1893 1043 1116 1351 1634 1894
366 34 85 699 700
958 844
2124 1349
675 287 337
2710 2761
1232 297 1456 1457 471
1780 1288 1787
1744 1071 1733 1014 1059 1378
2893 2547
2627 3018
1625 1315
1913 2143
2316 2406 1004
912 826
2651 2574 692 2994 914
2704 2602
1531 441 2658 1801
1408 1715 429
2839 2360 2840
2747 2748
1630 14 1747
2258 2476 2737
1154 1117 1135
2294 3193
3136 3137
1879 2012
1416 1144 1231 1234 1249 1284 1431 2157
588 4 294 952 739
2188 3300
2891 2253
1509 149 150 1262 324 325 326 327 1639 615
2877 2319 2561
422 184 28 48 54 105 106 153 194 469 586 633 714 1899 987 554
813 77 339 735 916
888 25 265 276 338 372 461 357
3021 2257 1529 2166
1859 1857 404 3274
1719 1644
2822 2822 2928
1437 1388 1982
587 808
761 847
1390 1083 1148 1672 1688
1249 184 275 1416 522
98 390 699
2797 2249
2997 2996
2251 2955 3173
3118 2975
1955 1045 1470 2002
2506 2302
1561 1759
1384 1386
1512 429 305 1409 1824 1710
336 291 390 598
1323 1522
2741 2411
2427 2259
2884 2884
1976 1279 1357 1999
1833 1832 1656 2154
707 708 709 799
2536 2280
2665 2221 31 2242 441 2745 738 3080
1933 1421 1675 865
1966 1857 1548 2112
1575 1877
1130 1822
665 32 727 728 685 768 2081
994 643 752 990 996
3106 2428
1087 1577
2670 2668 905
1664 779 1921 1991 780
2302 2284 2506
1939 1083
1300 1901 2080
1262 1150 421 1509 1646
2274 3127 2044
2373 2693
3309 3308
34 180 366 1587 573 697 828 829 699
1993 1691
2640 2639 782
1589 1128 1149 1590
2731 2337
1043 1138 1828 1893 2139 2165
1062 1374
2335 3200 3247
1644 1719
1438 1329 1342
2817 2472
1763 1546
3164 2340
2092 1772
1447 1446
968 727 969
539 184 86 460
224 697
3302 3306
783 0 290
1060 1123
679 551 680
2180 2935
851 2336 2756 543
1543 2293 2460 1326 828
1947 1759
2344 2456 2624
1917 1918
711 390 437 673 960
3208 2791
1617 1705 1820
423 952
579 388 389 753 788
985 848 350 515 629 917
2694 2505
2465 2438 2711 2813
757 758
3089 2712
3162 2202 79 609 3028 2460
3112 2805
89 546 548 788
1795 1164
1031 1487 1488 1645 1872
1605 1379
536 564
2654 1529 2166 3305
519 691 814 847
2994 2651
3195 2733 2349 2746
2221 2513 2665 3115 471
1121 1674 2113
3218 2433
2924 2923
1962 1055 1066
483 364 390 439 51 154 189 244 253 259 355 481 516 525 597 702 706 708 918 926
552 952 637
2985 676 2454 2984 2986
3300 2188
1177 1374 349
792 29 793 859
1375 1637 1638
1283 2042
2878 2319 2561 3046 3201 3278
1307 2036 2037
535 295 447
2759 2610
1276 1918 2098
554 58 106 422 469 1642 830 1000
933 202 247 970
3190 2240 3116
1308 1918 2049
766 668
1344 1291 1382 1889 1926
2210 2275 1707 3085
3037 2217 1829
1937 1 1129 1850 1212 862
2213 2244 3258 2740
2957 1813 2959
1785 1756 1927 1928
3142 2769
259 364 390 439 483 547 926
2134 405 1511
682 6 643 91 210 239 569
1397 3008 2093
1881 1343
2237 3273
517 364 390 439 251 310 525 673 871
1623 1623 1817
1259 1820
1446 1361 1377 1447 1448
1247 1330 218 876
2245 2310 2390 2483 301
3023 2298
1411 1225 1679 1615
276 69 107 463 555 580 581 655 827 888 901 902 471
3214 2375
117 117
1985 1731 1732 1071 1350 1584 1734
2513 2221
2560 2581
2593 2199 62 1312 3166 3187
759 193 720
799 390 167 332 365 391 639 640 701 707 708 777 803
2705 2864
202 9 255 385 386 387 584 654 847 932 933
418 41 281 300 416 141 146 453 1002 822
2254 2519
1170 2166 2169
3213 2375 3212 3211
1854 1292 1760
2354 2357 2808
2723 2722
534 78 505 533 732 862
886 831 1010
2143 1913 2142
13 250
3185 2487 402 2864
2628 2380
2658 2657 2447 2658 1531 1532
2932 2862
826 847 912
2610 2759 2823
1700 1510
2346 3227
984 847 848
500 35 892
1216 1413 1421 1519 1675 1848 865
596 160 496
1349 1290 2031 2124
1313 1395
3216 2375 3212
124 881
401 400 402 405 404 693 3183
556 471 2266 257 462 829 2894
154 88 291 390 460 483
1583 1080 1314 1359 1189 1657 1731 1736
2462 2908
2566 2567
219 390 681
568 158
2611 2612
339 2799 1858 813 3158
74 991
232 178 295 305
1104 1459
469 22 275 422 586 633 697 522 554
333 722
2751 2856
3308 3309
1225 1411
2333 2500
247 806 933 1003
1904 1372
1236 1015 1058 1067 1070 1088 1150 1219 774 2024 1242 1396 1500 441 1687 1860 1891
1779 1523
1213 1155
1134 1422
1510 1700
2648 2648
353 352 164 421 354
192 607
3199 3198 3199
2920 2920
1934 172 1524
3123 1906 1698 2826
2867 2929 3019
938 394 506 939 940 941
458 457
2492 2931
1552 1864
1340 1852
2417 2971
829 34 556 573
2641 185 3117 3043
1374 1061 1062 1177 1410 1726 1979 2035 2149 1460 522
211 659
41 418 2773
2695 2212 2498
546 89 548 788
2740 2213
90 474 1631 862
22 118 303 335 455 469 599 668 899 390 699
1482 1482 1674
999 184 522 616 699 714 748 28 54 67 105 106 956 987 998 1000
2056 2055 1341
1559 1686
2541 2542 2944 2902
3157 2313
2844 2227
2780 2224 2558 2870 3022
2580 2579 2770 354
3060 3061
3085 2210 2275 2647 993
869 343 932
290 157 163 252 260 784 783
1992 1691 1815
2497 2931
